  single point
          hk01     1.000000000000000         1.000000         0.000000    
          hk02     1.000000000000000         1.000000         0.000000    
          p012     1.500000000000000         1.000000         0.000000    
          p016     1.500000000000000         1.000000         0.000000    
          p017    0.4341280000000000         1.000000         0.000000    
          p091    0.1000000000000000         1.000000         0.000000    
          p092     2.000000000000000         1.000000         0.000000    
          p095     6.978080000000000         1.000000         0.000000    
          sy01    0.2000000000000000         1.000000         0.000000    
          sy02    0.2000000000000000         1.000000         0.000000    
