         504
            1          453            1
            1
   1012.00000
            2          529            1
            1
   1162.00000
            3          605            1
            1
   1087.00000
            4          671            1
            3
    477.00000
            5          680            1
            1
   1094.00000
            6          681            1
            1
    251.00000
            7          746            1
            3
   1177.00000
            8          756            1
            1
   1188.00000
            9          818            1
            2
    873.00000
           10          822            1
            3
   1164.00000
           11          831            1
            1
    891.00000
           12          832            1
            1
    567.00000
           13          893            1
            2
   1233.00000
           14          898            1
            3
   1266.00000
           15          907            1
            1
   1221.00000
           16          969            1
            2
   1180.00000
           17          974            1
            3
   1257.00000
           18          981            1
            1
    497.00000
           19          982            1
            1
   1407.00000
           20          983            1
            1
     58.00000
           21         1046            1
            2
    985.00000
           22         1050            1
            3
   1363.00000
           23         1056            1
            9
    669.00000
           24         1057            3
            1            6            9
    926.00000    584.00000     67.00000
           25         1119            1
            5
    726.00000
           26         1120            1
            5
   1281.00000
           27         1121            1
            5
   1178.00000
           28         1122            3
            2            5            7
    640.00000    913.00000    217.00000
           29         1123            1
            7
   1299.00000
           30         1124            1
            7
    408.00000
           31         1127            1
            4
    660.00000
           32         1128            1
            9
    268.00000
           33         1129            1
            9
   1261.00000
           34         1130            1
            9
   1149.00000
           35         1131            1
            9
   1110.00000
           36         1132            1
            9
    749.00000
           37         1133            1
            6
   1179.00000
           38         1193            1
            5
    906.00000
           39         1194            1
            5
   1162.00000
           40         1195            1
            5
    501.00000
           41         1200            1
            7
   1093.00000
           42         1201            1
            7
   1034.00000
           43         1203            3
            4            8            9
    207.00000    880.00000   1154.00000
           44         1204            1
            9
    934.00000
           45         1209            1
            6
    778.00000
           46         1210            1
            6
    424.00000
           47         1278            6
            7            8            9           10           11           12
      7.00000     79.00000     49.00000    852.00000    906.00000     95.00000
           48         1279            2
            8            9
    323.00000    459.00000
           49         1286            1
            6
    252.00000
           50         1354            2
           12           13
    765.00000    335.00000
           51         1430            1
           13
   1124.00000
           52         1506            1
           13
   1186.00000
           53         1582            1
           13
   1186.00000
           54         1658            1
           13
   1112.00000
           55         1734            1
           13
   1099.00000
           56         1802            1
           18
    627.00000
           57         1810            1
           13
   1099.00000
           58         1870            1
           17
    117.00000
           59         1878            1
           18
   1182.00000
           60         1886            1
           13
   1204.00000
           61         1946            1
           17
   1084.00000
           62         1954            1
           18
   1026.00000
           63         1962            3
           13           14           19
    752.00000    680.00000    385.00000
           64         1963            1
           14
   1392.00000
           65         1964            1
           14
    630.00000
           66         2022            1
           17
   1148.00000
           67         2030            1
           18
    567.00000
           68         2038            1
           19
   1198.00000
           69         2040            1
           14
    537.00000
           70         2041            1
           14
   1144.00000
           71         2042            1
           14
   1288.00000
           72         2043            1
           14
    416.00000
           73         2098            1
           17
   1196.00000
           74         2105            1
           18
   1192.00000
           75         2114            1
           19
    843.00000
           76         2166            1
           15
    427.00000
           77         2174            1
           17
   1213.00000
           78         2181            1
           18
   1209.00000
           79         2189            1
           19
   1154.00000
           80         2241            1
           15
   1280.00000
           81         2251            1
           17
    472.00000
           82         2257            1
           18
   1112.00000
           83         2265            1
           19
   1198.00000
           84         2317            1
           15
   1272.00000
           85         2327            1
           17
   1279.00000
           86         2328            1
           17
    113.00000
           87         2333            1
           18
   1229.00000
           88         2340            1
           19
   1060.00000
           89         2341            1
           19
    797.00000
           90         2393            1
           15
   1124.00000
           91         2404            1
           17
   1482.00000
           92         2408            1
           18
   1029.00000
           93         2409            1
           18
    242.00000
           94         2415            1
           19
    791.00000
           95         2416            1
           19
    632.00000
           96         2470            1
           16
    363.00000
           97         2471            1
           16
    708.00000
           98         2472            1
           16
    615.00000
           99         2481            1
           17
   1012.00000
          100         2484            1
           18
   1167.00000
          101         2491            1
           19
   1295.00000
          102         2545            3
           15           16           24
    305.00000    242.00000    940.00000
          103         2546            1
           16
    786.00000
          104         2547            1
           16
    428.00000
          105         2548            1
           16
    572.00000
          106         2549            1
           16
    388.00000
          107         2557            1
           17
   1380.00000
          108         2560            1
           18
   1186.00000
          109         2566            1
           19
   1166.00000
          110         2567            1
           19
    153.00000
          111         2621            1
           24
   1131.00000
          112         2633            3
           17           18           21
    284.00000    762.00000    924.00000
          113         2634            1
           18
   1266.00000
          114         2635            1
           18
   1147.00000
          115         2636            1
           18
    894.00000
          116         2642            1
           19
   1114.00000
          117         2697            1
           24
    837.00000
          118         2709            1
           21
   1177.00000
          119         2717            3
           19           20           23
    813.00000    377.00000    391.00000
          120         2718            1
           19
    246.00000
          121         2772            1
           24
   1320.00000
          122         2785            1
           21
   1147.00000
          123         2789            1
           23
    985.00000
          124         2790            1
           23
    871.00000
          125         2791            1
           23
   1141.00000
          126         2792            1
           23
   1256.00000
          127         2793            2
           20           23
    698.00000    451.00000
          128         2794            1
           20
   1325.00000
          129         2848            1
           24
    692.00000
          130         2861            1
           21
    664.00000
          131         2862            2
           21           22
    434.00000    242.00000
          132         2863            1
           23
   1206.00000
          133         2864            1
           23
   1269.00000
          134         2865            1
           23
    191.00000
          135         2866            1
           23
    339.00000
          136         2871            1
           20
   1099.00000
          137         2923            1
           24
   1366.00000
          138         2938            3
           22           23           25
    330.00000    821.00000    766.00000
          139         2939            1
           23
     71.00000
          140         2998            1
           24
    685.00000
          141         2999            1
           24
   1183.00000
          142         3013            1
           25
   1335.00000
          143         3074            1
           24
   1286.00000
          144         3075            1
           24
     14.00000
          145         3089            1
           25
   1243.00000
          146         3150            1
           24
   1256.00000
          147         3165            1
           25
   1239.00000
          148         3227            1
           24
   1184.00000
          149         3241            1
           25
   1062.00000
          150         3303            1
           24
   1128.00000
          151         3317            1
           25
   1124.00000
          152         3379            1
           24
   1172.00000
          153         3391            1
           30
    192.00000
          154         3393            1
           25
   1137.00000
          155         3455            1
           24
   1241.00000
          156         3467            1
           30
    997.00000
          157         3469            1
           25
    983.00000
          158         3528            1
           26
    701.00000
          159         3529            1
           26
   1271.00000
          160         3530            1
           26
   1167.00000
          161         3531            2
           24           26
    676.00000   1278.00000
          162         3532            3
           24           26           29
    108.00000     65.00000    996.00000
          163         3536            1
           28
    216.00000
          164         3543            1
           30
   1139.00000
          165         3544            3
           25           27           31
    676.00000    511.00000    477.00000
          166         3545            1
           27
    657.00000
          167         3546            1
           27
    114.00000
          168         3604            1
           26
    467.00000
          169         3608            1
           29
    606.00000
          170         3609            1
           29
    713.00000
          171         3611            1
           28
    803.00000
          172         3612            1
           28
    479.00000
          173         3619            1
           30
   1142.00000
          174         3620            1
           31
   1135.00000
          175         3621            1
           27
    565.00000
          176         3622            1
           27
   1136.00000
          177         3623            1
           27
   1365.00000
          178         3624            1
           27
    742.00000
          179         3634            1
           44
    674.00000
          180         3635            1
           44
    846.00000
          181         3685            1
           29
   1244.00000
          182         3686            1
           29
    452.00000
          183         3687            1
           28
   1262.00000
          184         3695            1
           30
   1124.00000
          185         3696            1
           31
   1122.00000
          186         3709            1
           44
   1283.00000
          187         3710            1
           44
   1039.00000
          188         3762            1
           29
   1126.00000
          189         3763            3
           28           29           32
    514.00000     55.00000    887.00000
          190         3770            1
           30
   1049.00000
          191         3771            2
           30           31
    639.00000   1566.00000
          192         3772            1
           31
     32.00000
          193         3783            1
           44
    581.00000
          194         3784            1
           44
   1293.00000
          195         3839            1
           32
   1535.00000
          196         3846            2
           30           31
   1344.00000    195.00000
          197         3847            1
           31
   1443.00000
          198         3858            1
           44
    511.00000
          199         3859            1
           44
   1209.00000
          200         3916            1
           32
   1419.00000
          201         3922            2
           30           31
   1137.00000    912.00000
          202         3923            1
           31
    407.00000
          203         3934            1
           44
   1403.00000
          204         3992            1
           32
   1488.00000
          205         3998            2
           30           31
   1167.00000    437.00000
          206         3999            1
           31
   1244.00000
          207         4009            1
           44
    619.00000
          208         4010            1
           44
    691.00000
          209         4068            1
           32
   1219.00000
          210         4069            1
           32
    171.00000
          211         4074            3
           30           31           33
     25.00000     35.00000   1294.00000
          212         4085            1
           44
   1398.00000
          213         4145            1
           32
   1201.00000
          214         4150            1
           33
    626.00000
          215         4160            1
           44
   1321.00000
          216         4161            1
           44
     14.00000
          217         4221            1
           32
   1151.00000
          218         4225            1
           33
   1112.00000
          219         4236            1
           44
   1156.00000
          220         4297            2
           32           35
    664.00000    739.00000
          221         4301            1
           33
   1222.00000
          222         4302            1
           34
    441.00000
          223         4312            1
           44
   1135.00000
          224         4363            1
           38
    855.00000
          225         4373            1
           35
    629.00000
          226         4374            1
           35
    804.00000
          227         4376            3
           33           34           36
    731.00000    138.00000    480.00000
          228         4377            2
           33           34
    358.00000   1365.00000
          229         4378            1
           34
    398.00000
          230         4388            1
           44
   1137.00000
          231         4439            1
           38
    602.00000
          232         4440            1
           38
    729.00000
          233         4450            1
           35
    608.00000
          234         4451            2
           35           36
    933.00000   1192.00000
          235         4452            2
           34           36
    141.00000    504.00000
          236         4453            1
           34
    272.00000
          237         4464            1
           44
   1124.00000
          238         4516            1
           38
   1216.00000
          239         4526            1
           39
    816.00000
          240         4527            3
           35           36           39
     35.00000     25.00000    631.00000
          241         4541            1
           44
    195.00000
          242         4592            1
           38
   1154.00000
          243         4602            1
           39
   1275.00000
          244         4617            1
           44
   1025.00000
          245         4668            1
           38
    607.00000
          246         4669            1
           38
    737.00000
          247         4677            1
           39
    834.00000
          248         4678            1
           39
    417.00000
          249         4693            1
           44
   1012.00000
          250         4745            1
           38
   1112.00000
          251         4753            1
           39
   1265.00000
          252         4769            1
           44
   1099.00000
          253         4821            1
           38
   1129.00000
          254         4829            1
           39
    113.00000
          255         4845            1
           44
   1140.00000
          256         4897            1
           38
   1241.00000
          257         4920            1
           44
   1026.00000
          258         4921            1
           44
    200.00000
          259         4968            1
           37
    547.00000
          260         4974            1
           38
   1304.00000
          261         4980            1
           39
   1075.00000
          262         4995            1
           44
    421.00000
          263         4996            1
           44
   1277.00000
          264         5044            1
           37
   1162.00000
          265         5051            1
           38
   1426.00000
          266         5056            1
           39
   1000.00000
          267         5069            1
           44
    397.00000
          268         5070            1
           44
   1143.00000
          269         5071            1
           44
    931.00000
          270         5120            1
           37
   1231.00000
          271         5128            1
           38
    860.00000
          272         5132            1
           39
   1000.00000
          273         5143            1
           44
   1205.00000
          274         5144            1
           44
   1226.00000
          275         5145            1
           44
    906.00000
          276         5196            1
           37
   1240.00000
          277         5197            1
           37
    124.00000
          278         5204            1
           38
   1099.00000
          279         5207            1
           39
    297.00000
          280         5208            1
           39
   1070.00000
          281         5215            1
           44
    557.00000
          282         5216            1
           44
   1205.00000
          283         5217            1
           44
   1210.00000
          284         5218            1
           44
   1261.00000
          285         5219            1
           44
    428.00000
          286         5273            1
           37
   1191.00000
          287         5274            1
           37
    989.00000
          288         5280            1
           38
   1241.00000
          289         5282            1
           39
    509.00000
          290         5283            1
           39
   1055.00000
          291         5290            1
           44
    405.00000
          292         5291            1
           44
   1156.00000
          293         5350            1
           37
    387.00000
          294         5351            1
           37
   1502.00000
          295         5352            1
           37
    147.00000
          296         5357            2
           38           39
    860.00000    637.00000
          297         5358            1
           39
    848.00000
          298         5365            1
           44
    540.00000
          299         5366            1
           44
   1143.00000
          300         5426            1
           40
    749.00000
          301         5427            2
           37           40
     60.00000    846.00000
          302         5428            3
           37           40           43
   1039.00000      7.00000    111.00000
          303         5433            3
           38           39           41
   1169.00000   1109.00000     45.00000
          304         5440            1
           44
   1078.00000
          305         5441            1
           44
    812.00000
          306         5503            1
           40
    356.00000
          307         5504            1
           43
   1463.00000
          308         5508            2
           41           42
     57.00000    974.00000
          309         5509            1
           41
    915.00000
          310         5516            1
           44
   1214.00000
          311         5580            1
           43
    629.00000
          312         5581            1
           43
   1198.00000
          313         5582            1
           43
   1226.00000
          314         5583            1
           43
   1356.00000
          315         5584            3
           42           43           46
    807.00000    145.00000    682.00000
          316         5592            1
           44
   1316.00000
          317         5660            1
           46
   1325.00000
          318         5668            1
           44
   1357.00000
          319         5737            1
           46
    654.00000
          320         5745            1
           44
   1062.00000
          321         5813            1
           46
   1335.00000
          322         5821            1
           44
   1311.00000
          323         5822            1
           45
    975.00000
          324         5889            1
           46
   1165.00000
          325         5898            3
           44           45           52
     21.00000    157.00000   1099.00000
          326         5961            1
           47
   1501.00000
          327         5962            1
           47
    301.00000
          328         5965            1
           46
   1257.00000
          329         5974            1
           52
   1354.00000
          330         6038            1
           47
    823.00000
          331         6039            1
           47
   1683.00000
          332         6041            2
           46           48
    736.00000     35.00000
          333         6042            1
           48
    764.00000
          334         6051            1
           52
   1234.00000
          335         6116            1
           47
    957.00000
          336         6118            1
           48
   1276.00000
          337         6127            1
           52
   1130.00000
          338         6191            1
           47
   1239.00000
          339         6193            1
           48
    747.00000
          340         6194            1
           48
   1728.00000
          341         6203            1
           52
   1408.00000
          342         6267            3
           47           48           51
   1251.00000    584.00000     97.00000
          343         6268            1
           48
   1168.00000
          344         6269            1
           48
    505.00000
          345         6279            1
           52
   1496.00000
          346         6343            1
           51
   1097.00000
          347         6355            1
           52
   1324.00000
          348         6419            1
           51
   1097.00000
          349         6430            1
           52
   1232.00000
          350         6431            1
           52
     22.00000
          351         6495            1
           51
   1258.00000
          352         6506            1
           52
   1413.00000
          353         6570            1
           51
    982.00000
          354         6571            1
           51
    565.00000
          355         6581            1
           52
   1254.00000
          356         6582            1
           52
     57.00000
          357         6585            1
           54
   1305.00000
          358         6645            1
           51
    432.00000
          359         6646            1
           51
   1114.00000
          360         6657            1
           52
   1520.00000
          361         6659            1
           54
    429.00000
          362         6660            1
           54
   1348.00000
          363         6661            1
           54
    356.00000
          364         6721            1
           51
   1151.00000
          365         6730            1
           49
    159.00000
          366         6732            1
           52
   1259.00000
          367         6733            1
           52
    562.00000
          368         6734            1
           54
   1191.00000
          369         6735            1
           54
    888.00000
          370         6797            3
           50           51           55
    662.00000   1162.00000     57.00000
          371         6802            1
           56
    346.00000
          372         6803            1
           56
   1068.00000
          373         6804            1
           56
   1638.00000
          374         6805            3
           49           53           56
    832.00000    727.00000    774.00000
          375         6806            1
           52
     36.00000
          376         6807            1
           52
   1766.00000
          377         6808            2
           52           54
    345.00000    883.00000
          378         6809            1
           54
   1239.00000
          379         6810            1
           54
   1015.00000
          380         6873            1
           55
   1097.00000
          381         6877            1
           56
    792.00000
          382         6878            1
           56
   1143.00000
          383         6881            1
           53
    297.00000
          384         6882            3
           52           53           54
     21.00000   1092.00000     45.00000
          385         6883            1
           54
   1297.00000
          386         6884            1
           54
    595.00000
          387         6949            1
           55
   1164.00000
          388         6953            1
           56
   1278.00000
          389         7025            1
           55
   1118.00000
          390         7026            1
           55
    313.00000
          391         7028            1
           56
   1304.00000
          392         7029            1
           56
     50.00000
          393         7102            1
           55
   1117.00000
          394         7104            1
           56
   1152.00000
          395         7178            1
           55
   1087.00000
          396         7180            1
           56
   1254.00000
          397         7254            1
           55
   1081.00000
          398         7255            1
           56
   1394.00000
          399         7256            1
           56
     60.00000
          400         7330            2
           55           56
   1171.00000    560.00000
          401         7331            1
           56
    794.00000
          402         7405            1
           55
   1299.00000
          403         7406            2
           55           56
    447.00000   1333.00000
          404         7482            3
           55           56           57
    320.00000    403.00000    724.00000
          405         7558            2
           57           58
    124.00000    196.00000
          406         7630            1
           61
    557.00000
          407         7633            1
           58
   1226.00000
          408         7705            1
           61
   1207.00000
          409         7709            1
           58
   1056.00000
          410         7781            1
           61
   1124.00000
          411         7785            1
           58
   1136.00000
          412         7788            1
           59
    712.00000
          413         7857            1
           61
   1142.00000
          414         7862            2
           58           59
    551.00000    705.00000
          415         7863            1
           59
   1233.00000
          416         7934            1
           61
   1154.00000
          417         7938            3
           58           59           64
    272.00000    422.00000    553.00000
          418         8008            1
           60
    720.00000
          419         8010            1
           61
   1202.00000
          420         8013            1
           64
   1383.00000
          421         8084            1
           60
   1007.00000
          422         8085            2
           60           61
    951.00000    496.00000
          423         8086            1
           61
    669.00000
          424         8089            1
           64
   1251.00000
          425         8161            3
           60           61           62
    487.00000    245.00000    733.00000
          426         8162            1
           62
    452.00000
          427         8164            1
           64
   1484.00000
          428         8165            1
           64
    975.00000
          429         8237            1
           62
    488.00000
          430         8238            1
           62
    797.00000
          431         8240            1
           64
   1254.00000
          432         8314            1
           62
   1386.00000
          433         8316            1
           64
   1137.00000
          434         8318            1
           65
    302.00000
          435         8319            1
           65
   1270.00000
          436         8320            1
           65
    298.00000
          437         8389            1
           67
    917.00000
          438         8390            3
           62           63           67
    927.00000    751.00000    350.00000
          439         8392            2
           64           65
   1130.00000    141.00000
          440         8393            1
           65
   1603.00000
          441         8394            1
           65
    925.00000
          442         8465            1
           67
   1140.00000
          443         8467            3
           63           64           65
    745.00000    560.00000    562.00000
          444         8468            2
           64           65
    306.00000   1245.00000
          445         8469            1
           65
     42.00000
          446         8537            1
           66
    872.00000
          447         8540            1
           67
    687.00000
          448         8541            1
           67
    561.00000
          449         8613            1
           66
   1306.00000
          450         8615            1
           67
    672.00000
          451         8616            1
           67
   1422.00000
          452         8689            1
           66
    745.00000
          453         8690            3
           66           67           68
    224.00000   1093.00000    240.00000
          454         8691            1
           67
    738.00000
          455         8692            1
           67
    427.00000
          456         8764            1
           68
    619.00000
          457         8765            1
           68
   1314.00000
          458         8766            1
           68
     14.00000
          459         8839            1
           71
    463.00000
          460         8840            3
           68           69           71
    475.00000    763.00000    585.00000
          461         8841            1
           69
    562.00000
          462         8914            1
           71
    485.00000
          463         8915            1
           71
   1155.00000
          464         8917            1
           69
    806.00000
          465         8918            1
           69
   1273.00000
          466         8919            1
           69
   1159.00000
          467         8920            1
           69
   1167.00000
          468         8921            1
           69
    792.00000
          469         8987            1
           70
    493.00000
          470         8989            1
           71
    693.00000
          471         8990            1
           71
   1190.00000
          472         9063            1
           70
   1121.00000
          473         9065            1
           71
   1208.00000
          474         9139            1
           70
   1193.00000
          475         9140            1
           71
   1244.00000
          476         9141            1
           71
     14.00000
          477         9214            1
           72
    287.00000
          478         9215            3
           70           71           72
    759.00000    260.00000   1117.00000
          479         9216            1
           71
    719.00000
          480         9288            1
           74
    420.00000
          481         9289            2
           72           74
    139.00000   1261.00000
          482         9290            1
           72
   1042.00000
          483         9362            1
           74
   1206.00000
          484         9363            1
           74
   1721.00000
          485         9364            1
           74
    934.00000
          486         9435            1
           75
    867.00000
          487         9436            1
           75
   1427.00000
          488         9437            3
           73           74           75
    177.00000   1033.00000     64.00000
          489         9509            1
           75
   1239.00000
          490         9510            1
           75
   1215.00000
          491         9511            1
           75
    245.00000
          492         9583            1
           75
    613.00000
          493         9584            1
           75
   1483.00000
          494         9585            1
           75
    161.00000
          495         9658            1
           75
    975.00000
          496         9659            1
           75
    897.00000
          497         9732            1
           75
    486.00000
          498         9733            1
           75
   1270.00000
          499         9734            1
           75
    325.00000
          500         9806            1
           75
    947.00000
          501         9807            1
           75
   1260.00000
          502         9808            1
           75
   1009.00000
          503         9881            1
           75
   1237.00000
          504         9882            1
           75
    399.00000
