 Daily Groundwater Balance (m3)
 Note: Groundwater Volume values are approximate
 
  SimDay GWVolume    GWChange    ConHead     Recharge    GWSWQ       SWGWQ
     1    0.1748717363E+11    0.4320652500E+07    0.0000000000E+00    0.0000000000E+00    0.0000000000E+00    0.0000000000E+00
     2    0.1749031526E+11    0.4321645000E+07    0.0000000000E+00    0.0000000000E+00    0.0000000000E+00    0.0000000000E+00
     3    0.1748597555E+11    0.4321131000E+07    0.0000000000E+00    0.0000000000E+00   -0.2589213867E+03    0.0000000000E+00
     4    0.1747739853E+11    0.4375959000E+07    0.0000000000E+00    0.0000000000E+00   -0.3806984711E+02    0.1439577031E+06
     5    0.1747031654E+11    0.4196496500E+07    0.0000000000E+00    0.0000000000E+00   -0.3806984711E+02    0.1439577031E+06
     6    0.1746924134E+11    0.4022497250E+07    0.0000000000E+00    0.0000000000E+00   -0.3806984711E+02    0.1439577031E+06
     7    0.1747327181E+11    0.3698650750E+07    0.0000000000E+00    0.0000000000E+00   -0.3806984711E+02    0.1439577031E+06
     8    0.1747640934E+11    0.3698060500E+07    0.0000000000E+00    0.0000000000E+00   -0.3806984711E+02    0.1439577031E+06
     9    0.1745916109E+11    0.3697864000E+07    0.0000000000E+00    0.0000000000E+00   -0.3806984711E+02    0.1439577031E+06
    10    0.1745207091E+11    0.3434080000E+07    0.0000000000E+00    0.0000000000E+00   -0.3806984711E+02    0.1439577031E+06
    11    0.1745498112E+11    0.2671693000E+07    0.0000000000E+00    0.0000000000E+00   -0.3806984711E+02    0.1439577031E+06
    12    0.1744037888E+11    0.2671291000E+07    0.0000000000E+00    0.0000000000E+00   -0.3806984711E+02    0.1439577031E+06
    13    0.1744304333E+11    0.2671002000E+07    0.0000000000E+00    0.0000000000E+00   -0.3806984711E+02    0.1439577031E+06
    14    0.1744570573E+11    0.2670798750E+07    0.0000000000E+00    0.0000000000E+00   -0.3806984711E+02    0.1439577031E+06
    15    0.1744840090E+11    0.2670593250E+07    0.0000000000E+00    0.0000000000E+00   -0.3806984711E+02    0.1439577031E+06
    16    0.1744896614E+11    0.2670590000E+07    0.0000000000E+00    0.0000000000E+00   -0.3806984711E+02    0.1439577031E+06
    17    0.1743927091E+11    0.2659747500E+07    0.0000000000E+00    0.0000000000E+00   -0.3806984711E+02    0.1439577031E+06
    18    0.1743738470E+11    0.2640484500E+07    0.0000000000E+00    0.0000000000E+00   -0.3806984711E+02    0.1439577031E+06
    19    0.1742637466E+11    0.2503006000E+07    0.0000000000E+00    0.0000000000E+00   -0.3806984711E+02    0.1439577031E+06
    20    0.1742518682E+11    0.1994666500E+07    0.0000000000E+00    0.0000000000E+00   -0.3806984711E+02    0.1439577031E+06
    21    0.1741259571E+11    0.1988706000E+07    0.0000000000E+00    0.0000000000E+00   -0.3806984711E+02    0.1439577031E+06
    22    0.1738952909E+11    0.1638328000E+07    0.0000000000E+00    0.0000000000E+00   -0.3806984711E+02    0.1439577031E+06
    23    0.1733917696E+11    0.1506767000E+07    0.0000000000E+00    0.0000000000E+00   -0.3806984711E+02    0.1439577031E+06
    24    0.1731837952E+11    0.1506776875E+07    0.0000000000E+00    0.0000000000E+00   -0.3806984711E+02    0.1439577031E+06
    25    0.1731777331E+11    0.1506791125E+07    0.0000000000E+00    0.0000000000E+00   -0.3806984711E+02    0.1439577031E+06
    26    0.1727708774E+11    0.1506686125E+07    0.0000000000E+00    0.0000000000E+00   -0.3806984711E+02    0.1439577031E+06
    27    0.1727482675E+11    0.1503771000E+07    0.0000000000E+00    0.0000000000E+00   -0.3806984711E+02    0.1439577031E+06
    28    0.1724459827E+11    0.1414318750E+07    0.0000000000E+00    0.0000000000E+00   -0.3806984711E+02    0.1439577031E+06
    29    0.1722679501E+11    0.1019265500E+07    0.0000000000E+00    0.0000000000E+00   -0.3806984711E+02    0.1439577031E+06
    30    0.1722902733E+11    0.9429491250E+06    0.0000000000E+00    0.0000000000E+00   -0.3806984711E+02    0.1439577031E+06
    31    0.1722995917E+11    0.9426529375E+06    0.0000000000E+00    0.0000000000E+00   -0.3806984711E+02    0.1439577031E+06
    32    0.1723089715E+11    0.9426444375E+06    0.0000000000E+00    0.0000000000E+00   -0.3806984711E+02    0.1439577031E+06
    33    0.1722978918E+11    0.9426655000E+06    0.0000000000E+00    0.0000000000E+00   -0.3806984711E+02    0.1439577031E+06
    34    0.1721355674E+11    0.9427406250E+06    0.0000000000E+00    0.0000000000E+00   -0.3806984711E+02    0.1439577031E+06
    35    0.1720469709E+11    0.9151443750E+06    0.0000000000E+00    0.0000000000E+00   -0.3806984711E+02    0.1439577031E+06
    36    0.1720437555E+11    0.8979950625E+06    0.0000000000E+00    0.0000000000E+00   -0.3806984711E+02    0.1439577031E+06
    37    0.1720526643E+11    0.8975426250E+06    0.0000000000E+00    0.0000000000E+00   -0.3806984711E+02    0.1439577031E+06
    38    0.1719566541E+11    0.8982183125E+06    0.0000000000E+00    0.0000000000E+00   -0.3806984711E+02    0.1439577031E+06
    39    0.1719311360E+11    0.8976454375E+06    0.0000000000E+00    0.0000000000E+00   -0.3806984711E+02    0.1439577031E+06
    40    0.1719400653E+11    0.8975296250E+06    0.0000000000E+00    0.0000000000E+00   -0.3806984711E+02    0.1439577031E+06
    41    0.1719400858E+11    0.8976689375E+06    0.0000000000E+00    0.0000000000E+00   -0.3806984711E+02    0.1439577031E+06
    42    0.1717566157E+11    0.8810080000E+06    0.0000000000E+00    0.0000000000E+00   -0.3806984711E+02    0.1439577031E+06
    43    0.1717200179E+11    0.7526692500E+06    0.0000000000E+00    0.0000000000E+00   -0.3806984711E+02    0.1439577031E+06
    44    0.1716944077E+11    0.7520270625E+06    0.0000000000E+00    0.0000000000E+00   -0.3806984711E+02    0.1439577031E+06
    45    0.1715532083E+11    0.7521152500E+06    0.0000000000E+00    0.0000000000E+00   -0.3806984711E+02    0.1439577031E+06
    46    0.1715607245E+11    0.7521268125E+06    0.0000000000E+00    0.0000000000E+00   -0.3806984711E+02    0.1439577031E+06
    47    0.1715431629E+11    0.7464274375E+06    0.0000000000E+00    0.0000000000E+00   -0.3806984711E+02    0.1439577031E+06
    48    0.1715511194E+11    0.7370961875E+06    0.0000000000E+00    0.0000000000E+00   -0.3806984711E+02    0.1439577031E+06
    49    0.1715584614E+11    0.7385296250E+06    0.0000000000E+00    0.0000000000E+00   -0.3806984711E+02    0.1439577031E+06
    50    0.1715070669E+11    0.7370612500E+06    0.0000000000E+00    0.0000000000E+00   -0.3806984711E+02    0.1439577031E+06
    51    0.1715044659E+11    0.7294429375E+06    0.0000000000E+00    0.0000000000E+00   -0.3806984711E+02    0.1439577031E+06
    52    0.1715120947E+11    0.7265474375E+06    0.0000000000E+00    0.0000000000E+00   -0.3806984711E+02    0.1439577031E+06
    53    0.1713651302E+11    0.7266438750E+06    0.0000000000E+00    0.0000000000E+00   -0.3806984711E+02    0.1439577031E+06
    54    0.1712495309E+11    0.7264460625E+06    0.0000000000E+00    0.0000000000E+00   -0.3806984711E+02    0.1439577031E+06
    55    0.1712568525E+11    0.7265004375E+06    0.0000000000E+00    0.0000000000E+00   -0.3806984711E+02    0.1439577031E+06
    56    0.1712640819E+11    0.7275293125E+06    0.0000000000E+00    0.0000000000E+00   -0.3806984711E+02    0.1439577031E+06
    57    0.1711345254E+11    0.7265525000E+06    0.0000000000E+00    0.0000000000E+00   -0.3806984711E+02    0.1439577031E+06
    58    0.1711417651E+11    0.7264886875E+06    0.0000000000E+00    0.0000000000E+00   -0.3806984711E+02    0.1439577031E+06
    59    0.1711488205E+11    0.7264826875E+06    0.0000000000E+00    0.0000000000E+00   -0.3806984711E+02    0.1439577031E+06
    60    0.1711563059E+11    0.7264766250E+06    0.0000000000E+00    0.0000000000E+00   -0.3806984711E+02    0.1439577031E+06
    61    0.1711635046E+11    0.7264706250E+06    0.0000000000E+00    0.0000000000E+00   -0.3806984711E+02    0.1439577031E+06
    62    0.1711543501E+11    0.7266526875E+06    0.0000000000E+00    0.0000000000E+00   -0.3806984711E+02    0.1439577031E+06
    63    0.1711469363E+11    0.7263146250E+06    0.0000000000E+00    0.0000000000E+00   -0.3806984711E+02    0.1439577031E+06
    64    0.1711541043E+11    0.7264543125E+06    0.0000000000E+00    0.0000000000E+00   -0.3806984711E+02    0.1439577031E+06
    65    0.1711452467E+11    0.7264274375E+06    0.0000000000E+00    0.0000000000E+00   -0.3806984711E+02    0.1439577031E+06
    66    0.1711403418E+11    0.7113745000E+06    0.0000000000E+00    0.0000000000E+00   -0.3806984711E+02    0.1439577031E+06
    67    0.1710685184E+11    0.7071674375E+06    0.0000000000E+00    0.0000000000E+00   -0.3806984711E+02    0.1439577031E+06
    68    0.1710755123E+11    0.7071547500E+06    0.0000000000E+00    0.0000000000E+00   -0.3806984711E+02    0.1439577031E+06
    69    0.1709322854E+11    0.7071130000E+06    0.0000000000E+00    0.0000000000E+00   -0.3806984711E+02    0.1439577031E+06
    70    0.1709394739E+11    0.7071513125E+06    0.0000000000E+00    0.0000000000E+00   -0.3806984711E+02    0.1439577031E+06
    71    0.1709464576E+11    0.7071453750E+06    0.0000000000E+00    0.0000000000E+00   -0.3806984711E+02    0.1439577031E+06
    72    0.1699718144E+11    0.1307420500E+07    0.0000000000E+00    0.0000000000E+00   -0.3806984711E+02    0.7441258750E+06
    73    0.1698905190E+11    0.1307438750E+07    0.0000000000E+00    0.0000000000E+00   -0.3806984711E+02    0.7441258750E+06
    74    0.1699035750E+11    0.1307438500E+07    0.0000000000E+00    0.0000000000E+00   -0.3806984711E+02    0.7441258750E+06
    75    0.1699167232E+11    0.1307428000E+07    0.0000000000E+00    0.0000000000E+00   -0.3806984711E+02    0.7441258750E+06
    76    0.1699297485E+11    0.1307417125E+07    0.0000000000E+00    0.0000000000E+00   -0.3806984711E+02    0.7441258750E+06
    77    0.1699428762E+11    0.1307406750E+07    0.0000000000E+00    0.0000000000E+00   -0.3806984711E+02    0.7441258750E+06
    78    0.1699559424E+11    0.1307396000E+07    0.0000000000E+00    0.0000000000E+00   -0.3806984711E+02    0.7441258750E+06
    79    0.1699690394E+11    0.1307385500E+07    0.0000000000E+00    0.0000000000E+00   -0.3806984711E+02    0.7441258750E+06
    80    0.1699619328E+11    0.1307382500E+07    0.0000000000E+00    0.0000000000E+00   -0.3806984711E+02    0.7441258750E+06
    81    0.1697978163E+11    0.1617556125E+07    0.0000000000E+00    0.0000000000E+00   -0.3806984711E+02    0.1054275500E+07
    82    0.1697088410E+11    0.1595443250E+07    0.0000000000E+00    0.0000000000E+00   -0.3806984711E+02    0.1054275500E+07
    83    0.1697477939E+11    0.1510897250E+07    0.0000000000E+00    0.0000000000E+00   -0.3806984711E+02    0.1054275500E+07
    84    0.1697264128E+11    0.1502093125E+07    0.0000000000E+00    0.0000000000E+00   -0.3806984711E+02    0.1054275500E+07
    85    0.1697419776E+11    0.1490926000E+07    0.0000000000E+00    0.0000000000E+00   -0.3806984711E+02    0.1054275500E+07
    86    0.1697184256E+11    0.1493065625E+07    0.0000000000E+00    0.0000000000E+00   -0.3806984711E+02    0.1056681875E+07
    87    0.1697330995E+11    0.1469910250E+07    0.0000000000E+00    0.0000000000E+00   -0.2574332619E+02    0.1033335938E+07
    88    0.1697476608E+11    0.1469897750E+07    0.0000000000E+00    0.0000000000E+00   -0.2574332619E+02    0.1033335938E+07
    89    0.1697623142E+11    0.1469885250E+07    0.0000000000E+00    0.0000000000E+00   -0.2574332619E+02    0.1033335938E+07
    90    0.1696317133E+11    0.3906869750E+07    0.0000000000E+00    0.0000000000E+00    0.0000000000E+00    0.3478207250E+07
    91    0.1691182285E+11    0.4510943500E+07    0.0000000000E+00    0.0000000000E+00    0.0000000000E+00    0.4151757250E+07
    92    0.1688663552E+11    0.4436793000E+07    0.0000000000E+00    0.4516881641E+05    0.0000000000E+00    0.4033047250E+07
    93    0.1689112678E+11    0.4480353500E+07    0.0000000000E+00    0.8765540625E+05    0.0000000000E+00    0.4033047250E+07
    94    0.1689408102E+11    0.4864016500E+07    0.0000000000E+00    0.1024554375E+06    0.0000000000E+00    0.4402933000E+07
    95    0.1689894298E+11    0.4856899000E+07    0.0000000000E+00    0.9425722656E+05    0.0000000000E+00    0.4402946500E+07
    96    0.1688645632E+11    0.4838157000E+07    0.0000000000E+00    0.7612995312E+05    0.0000000000E+00    0.4402946500E+07
    97    0.1688724173E+11    0.4753323000E+07    0.0000000000E+00    0.5748455078E+05    0.0000000000E+00    0.4336012500E+07
    98    0.1689193882E+11    0.4672228000E+07    0.0000000000E+00    0.4208437109E+05    0.0000000000E+00    0.4270615000E+07
    99    0.1689656832E+11    0.4660507000E+07    0.0000000000E+00    0.3040639844E+05    0.0000000000E+00    0.4270595000E+07
   100    0.1689814835E+11    0.4624722000E+07    0.0000000000E+00    0.2185335938E+05    0.0000000000E+00    0.4243056000E+07
   101    0.1689964339E+11    0.4472112500E+07    0.0000000000E+00    0.1567521191E+05    0.0000000000E+00    0.4096951250E+07
   102    0.1689883136E+11    0.4401712500E+07    0.0000000000E+00    0.1123578418E+05    0.0000000000E+00    0.4031320750E+07
   103    0.1689918976E+11    0.4128979250E+07    0.0000000000E+00    0.8051727051E+04    0.0000000000E+00    0.3761679750E+07
   104    0.1690255565E+11    0.8144834000E+07    0.0000000000E+00    0.5769529297E+04   -0.3465971375E+02    0.7778272500E+07
   105    0.1687789158E+11    0.8599520000E+07    0.0000000000E+00    0.4134099121E+04    0.0000000000E+00    0.8235295500E+07
   106    0.1686631322E+11    0.8516836000E+07    0.0000000000E+00    0.2962222412E+04    0.0000000000E+00    0.8155665000E+07
   107    0.1686804787E+11    0.8289921000E+07    0.0000000000E+00    0.2122527832E+04    0.0000000000E+00    0.7927633000E+07
   108    0.1687620096E+11    0.7974602000E+07    0.0000000000E+00    0.1520858032E+04    0.0000000000E+00    0.7613117000E+07
   109    0.1687640883E+11    0.7834228500E+07    0.0000000000E+00    0.1089742554E+04    0.0000000000E+00    0.7474638000E+07
   110    0.1687813427E+11    0.7538224000E+07    0.0000000000E+00    0.7808348389E+03    0.0000000000E+00    0.7179672000E+07
   111    0.1685295821E+11    0.6952570000E+07    0.0000000000E+00    0.5594927368E+03    0.0000000000E+00    0.6591963500E+07
   112    0.1685571482E+11    0.6303545000E+07    0.0000000000E+00    0.4008940430E+03    0.0000000000E+00    0.5943773500E+07
   113    0.1684060467E+11    0.5947608500E+07    0.0000000000E+00    0.2872532043E+03    0.0000000000E+00    0.5589783000E+07
   114    0.1682636800E+11    0.5549919500E+07    0.0000000000E+00    0.2058258362E+03    0.0000000000E+00    0.5190451500E+07
   115    0.1683220275E+11    0.5602613000E+07    0.0000000000E+00    0.1474806824E+03    0.0000000000E+00    0.5243509000E+07
   116    0.1683336909E+11    0.5526047000E+07    0.0000000000E+00    0.1056746292E+03    0.0000000000E+00    0.5167111500E+07
   117    0.1683457126E+11    0.5449404500E+07    0.0000000000E+00    0.7571920776E+02    0.0000000000E+00    0.5090840000E+07
   118    0.1684001997E+11    0.5336439000E+07    0.0000000000E+00    0.5425518036E+02    0.0000000000E+00    0.4979096000E+07
   119    0.1684253389E+11    0.5064079500E+07    0.0000000000E+00    0.3887554169E+02   -0.2168631554E+02    0.4705184500E+07
   120    0.1684721664E+11    0.4680982000E+07    0.0000000000E+00    0.2785553741E+02   -0.2168631554E+02    0.4322567000E+07
   121    0.1685188710E+11    0.4680541000E+07    0.0000000000E+00    0.1995937157E+02   -0.2168631554E+02    0.4322290000E+07
   122    0.1685477786E+11    0.4664359000E+07    0.0000000000E+00    0.1430151939E+02   -0.2168631554E+02    0.4306027000E+07
   123    0.1685744026E+11    0.4639149000E+07    0.0000000000E+00    0.1024748421E+02   -0.2168631554E+02    0.4280910000E+07
   124    0.1685995520E+11    0.4574812000E+07    0.0000000000E+00    0.7342643738E+01   -0.2168631554E+02    0.4217940000E+07
   125    0.1686086861E+11    0.4491929500E+07    0.0000000000E+00    0.5261235237E+01   -0.2168631554E+02    0.4133822000E+07
   126    0.1686524723E+11    0.4446186000E+07    0.0000000000E+00    0.3769839287E+01   -0.2168631554E+02    0.4088282500E+07
   127    0.1686768538E+11    0.4445110500E+07    0.0000000000E+00    0.2701211214E+01   -0.5627220917E+02    0.4088113500E+07
   128    0.1687015424E+11    0.4156314000E+07    0.0000000000E+00    0.1935500860E+01   -0.2168631554E+02    0.3798451500E+07
   129    0.1687278387E+11    0.4111344000E+07    0.0000000000E+00    0.1386848569E+01   -0.2168631554E+02    0.3753609500E+07
   130    0.1687687270E+11    0.4086042000E+07    0.0000000000E+00    0.9937196970E+00   -0.5429528809E+02    0.3728396000E+07
   131    0.1688083661E+11    0.4026873250E+07    0.0000000000E+00    0.7120319009E+00   -0.1908966217E+03    0.3670163250E+07
   132    0.1686586266E+11    0.3969044500E+07    0.0000000000E+00    0.1333798504E+02   -0.5429528809E+02    0.3611748750E+07
   133    0.1686880051E+11    0.3878087500E+07    0.0000000000E+00    0.6822446442E+02   -0.3799079895E+02    0.3521574500E+07
   134    0.1685221171E+11    0.4420745000E+07    0.0000000000E+00    0.1619219208E+03    0.0000000000E+00    0.4064105500E+07
   135    0.1685572096E+11    0.1210399700E+08    0.0000000000E+00    0.2715991821E+03   -0.3685050964E+02    0.1180744600E+08
   136    0.1684305306E+11    0.1096132600E+08    0.0000000000E+00    0.3928259888E+03   -0.1155507355E+03    0.1066473500E+08
   137    0.1685658931E+11    0.1214545000E+08    0.0000000000E+00    0.5275618286E+03   -0.9465914154E+02    0.1184911500E+08
   138    0.1686615654E+11    0.1204213900E+08    0.0000000000E+00    0.6572020874E+03   -0.1020088043E+03    0.1174470800E+08
   139    0.1687360205E+11    0.1198621500E+08    0.0000000000E+00    0.7696209717E+03   -0.1020088043E+03    0.1169003400E+08
   140    0.1687354573E+11    0.1187360200E+08    0.0000000000E+00    0.8584655151E+03   -0.1262348328E+03    0.1157529600E+08
   141    0.1688341094E+11    0.1166458400E+08    0.0000000000E+00    0.9214573975E+03   -0.1262348328E+03    0.1136550600E+08
   142    0.1689114522E+11    0.1163717700E+08    0.0000000000E+00    0.9592899780E+03   -0.2302929932E+04    0.1134022100E+08
   143    0.1690279219E+11    0.1162989900E+08    0.0000000000E+00    0.9744360352E+03   -0.5004316895E+04    0.1133606200E+08
   144    0.1689154867E+11    0.1141769100E+08    0.0000000000E+00    0.9702928467E+03   -0.5027518066E+04    0.1112686900E+08
   145    0.1686194176E+11    0.1093068900E+08    0.0000000000E+00    0.9505728760E+03   -0.5483144531E+04    0.1064042500E+08
   146    0.1687150182E+11    0.1056101300E+08    0.0000000000E+00    0.9189016724E+03   -0.5497842285E+04    0.1026830000E+08
   147    0.1687902106E+11    0.1050504600E+08    0.0000000000E+00    0.8785791626E+03   -0.5768399414E+04    0.1021274500E+08
   148    0.1688652902E+11    0.1042842500E+08    0.0000000000E+00    0.8324617920E+03   -0.5728563965E+04    0.1013643200E+08
   149    0.1689491661E+11    0.1042832500E+08    0.0000000000E+00    0.7829176025E+03   -0.6375706543E+04    0.1013800500E+08
   150    0.1689575526E+11    0.9063456000E+07    0.0000000000E+00    0.7318366089E+03   -0.7101367676E+04    0.8774225000E+07
   151    0.1690286080E+11    0.8966400000E+07    0.0000000000E+00    0.6806727905E+03   -0.6799879883E+04    0.8676292000E+07
   152    0.1691187098E+11    0.8996058000E+07    0.0000000000E+00    0.6305023193E+03   -0.6759012695E+04    0.8706293000E+07
   153    0.1691932467E+11    0.8984821000E+07    0.0000000000E+00    0.5820875854E+03   -0.6816276855E+04    0.8695174000E+07
   154    0.1692492186E+11    0.8884678000E+07    0.0000000000E+00    0.5359389038E+03   -0.6775409668E+04    0.8594990000E+07
   155    0.1692823757E+11    0.8759562000E+07    0.0000000000E+00    0.4923692627E+03   -0.6790106934E+04    0.8470054000E+07
   156    0.1693513626E+11    0.8633840000E+07    0.0000000000E+00    0.4515424500E+03   -0.6830974121E+04    0.8345384000E+07
   157    0.1694381568E+11    0.8640922000E+07    0.0000000000E+00    0.4135118408E+03   -0.7151927246E+04    0.8352258000E+07
   158    0.1694810419E+11    0.8631392000E+07    0.0000000000E+00    0.3782516479E+03   -0.7208589844E+04    0.8342842000E+07
   159    0.1695602688E+11    0.8507196000E+07    0.0000000000E+00    0.3456812134E+03   -0.7199768555E+04    0.8218978000E+07
   160    0.1696452096E+11    0.8500624000E+07    0.0000000000E+00    0.3156840820E+03   -0.7232406250E+04    0.8212406000E+07
   161    0.1697078477E+11    0.8492629000E+07    0.0000000000E+00    0.2881217041E+03   -0.8381962891E+04    0.8206969000E+07
   162    0.1696090112E+11    0.8445869000E+07    0.0000000000E+00    0.2628436584E+03   -0.7406560547E+04    0.8157978000E+07
   163    0.1693858816E+11    0.8150702500E+07    0.0000000000E+00    0.2396946716E+03   -0.8195277344E+04    0.7863684000E+07
   164    0.1694731469E+11    0.8073608000E+07    0.0000000000E+00    0.2185202484E+03   -0.8172581055E+04    0.7789018000E+07
   165    0.1694326886E+11    0.7934378500E+07    0.0000000000E+00    0.1991699829E+03   -0.8611135742E+04    0.7650090000E+07
   166    0.1686099763E+11    0.7934087500E+07    0.0000000000E+00    0.1814998169E+03   -0.8054249512E+04    0.7646835000E+07
   167    0.1687263744E+11    0.7641958000E+07    0.0000000000E+00    0.1653733063E+03   -0.6784477051E+04    0.7356572000E+07
   168    0.1687812813E+11    0.7523677500E+07    0.0000000000E+00    0.1506623383E+03   -0.7651273438E+04    0.7236705000E+07
   169    0.1688289280E+11    0.7174650000E+07    0.0000000000E+00    0.1372475891E+03   -0.9452478516E+04    0.6890401500E+07
   170    0.1689264230E+11    0.7427180000E+07    0.0000000000E+00    0.1250182419E+03   -0.7012701172E+04    0.7139625000E+07
   171    0.1689877299E+11    0.7245233500E+07    0.0000000000E+00    0.1138722000E+03   -0.8128210938E+04    0.6959668000E+07
   172    0.1690439270E+11    0.7235012500E+07    0.0000000000E+00    0.1037153015E+03   -0.9468710938E+04    0.6951025500E+07
   173    0.1691081523E+11    0.6996068000E+07    0.0000000000E+00    0.9446130371E+02   -0.1132429688E+05    0.6713812000E+07
   174    0.1691964621E+11    0.7082105500E+07    0.0000000000E+00    0.8603054810E+02   -0.7606556641E+04    0.6795531500E+07
   175    0.1692633498E+11    0.7017385000E+07    0.0000000000E+00    0.7835044098E+02   -0.8301699219E+04    0.6732160000E+07
   176    0.1690401587E+11    0.6841550500E+07    0.0000000000E+00    0.7135477448E+02   -0.9523309570E+04    0.6558572000E+07
   177    0.1690711142E+11    0.6731532500E+07    0.0000000000E+00    0.6498286438E+02   -0.9225099609E+04    0.6447398500E+07
   178    0.1691681690E+11    0.7123191500E+07    0.0000000000E+00    0.5917924118E+02   -0.7163757812E+04    0.6836410000E+07
   179    0.1688087757E+11    0.6761006500E+07    0.0000000000E+00    0.5389352798E+02   -0.9662858398E+04    0.6483935000E+07
   180    0.1688702976E+11    0.6679135000E+07    0.0000000000E+00    0.4907960510E+02   -0.1431537012E+05    0.6411083500E+07
   181    0.1677298586E+11    0.6642177500E+07    0.0000000000E+00    0.4469550323E+02   -0.1388310645E+05    0.6373634000E+07
   182    0.1677739315E+11    0.6551691500E+07    0.0000000000E+00    0.4070278931E+02   -0.8450155273E+04    0.6277479000E+07
   183    0.1678683546E+11    0.7255571500E+07    0.0000000000E+00    0.3706666183E+02   -0.7024318359E+04    0.6979709000E+07
   184    0.1679201382E+11    0.7548206000E+07    0.0000000000E+00    0.3375517273E+02   -0.8012197266E+04    0.7275198500E+07
   185    0.1675039949E+11    0.6457810500E+07    0.0000000000E+00    0.3073953247E+02   -0.7959867676E+04    0.6185420500E+07
   186    0.1674172723E+11    0.6479152500E+07    0.0000000000E+00    0.2819151688E+02   -0.7398217285E+04    0.6204347000E+07
   187    0.1670266573E+11    0.6416820000E+07    0.0000000000E+00    0.2739831924E+02   -0.8517482422E+04    0.6152043000E+07
   188    0.1670591693E+11    0.6255331000E+07    0.0000000000E+00    0.2634490585E+02   -0.2169324805E+05    0.6006248000E+07
   189    0.1671438131E+11    0.6723926500E+07    0.0000000000E+00    0.2575525665E+02   -0.1836869531E+05    0.6469894000E+07
   190    0.1670251418E+11    0.6580599000E+07    0.0000000000E+00    0.2729133797E+02   -0.1897258203E+05    0.6327664500E+07
   191    0.1667812966E+11    0.6260345500E+07    0.0000000000E+00    0.2889854240E+02   -0.1970937500E+05    0.6008743500E+07
   192    0.1668548301E+11    0.6248253000E+07    0.0000000000E+00    0.3169614983E+02   -0.1877674609E+05    0.5995500000E+07
   193    0.1669297357E+11    0.6446065000E+07    0.0000000000E+00    0.3651067352E+02   -0.1862908594E+05    0.6193279000E+07
   194    0.1667827917E+11    0.6298245000E+07    0.0000000000E+00    0.4355477524E+02   -0.1951356055E+05    0.6046473500E+07
   195    0.1668422554E+11    0.6289982500E+07    0.0000000000E+00    0.5240145493E+02   -0.1860151172E+05    0.6036962000E+07
   196    0.1668813824E+11    0.6100248500E+07    0.0000000000E+00    0.6219653702E+02   -0.1944854297E+05    0.5848427500E+07
   197    0.1669194854E+11    0.6012939500E+07    0.0000000000E+00    0.7194792938E+02   -0.1996719336E+05    0.5761880000E+07
   198    0.1669784678E+11    0.5896385500E+07    0.0000000000E+00    0.8076426697E+02   -0.1978628711E+05    0.5645009000E+07
   199    0.1670631014E+11    0.8347821500E+07    0.0000000000E+00    0.8799367523E+02   -0.1850418164E+05    0.8097293000E+07
   200    0.1669807104E+11    0.7496634500E+07    0.0000000000E+00    0.9394096375E+02   -0.1881967773E+05    0.7243910500E+07
   201    0.1670437990E+11    0.7367542500E+07    0.0000000000E+00    0.9764829254E+02   -0.2091127539E+05    0.7118928500E+07
   202    0.1669652890E+11    0.7001013000E+07    0.0000000000E+00    0.9944028473E+02   -0.1982388281E+05    0.6750162500E+07
   203    0.1668227584E+11    0.6906048500E+07    0.0000000000E+00    0.9986805725E+02   -0.2040511133E+05    0.6655722500E+07
   204    0.1669202739E+11    0.7232093500E+07    0.0000000000E+00    0.9853507996E+02   -0.1908586328E+05    0.6979948000E+07
   205    0.1668020326E+11    0.7299393000E+07    0.0000000000E+00    0.9582453918E+02   -0.1950741211E+05    0.7047759500E+07
   206    0.1668934451E+11    0.7473234000E+07    0.0000000000E+00    0.9521441650E+02   -0.1879785156E+05    0.7223393500E+07
   207    0.1666346291E+11    0.6779283500E+07    0.0000000000E+00    0.9541656494E+02   -0.2200493555E+05    0.6532362000E+07
   208    0.1666927923E+11    0.6283062000E+07    0.0000000000E+00    0.9871124268E+02   -0.2025078516E+05    0.6033139500E+07
   209    0.1666552627E+11    0.6410984500E+07    0.0000000000E+00    0.1066401215E+03   -0.1950519336E+05    0.6159559000E+07
   210    0.1665016320E+11    0.6296772500E+07    0.0000000000E+00    0.1194638062E+03   -0.1965262305E+05    0.6045583000E+07
   211    0.1662288486E+11    0.5738048000E+07    0.0000000000E+00    0.1361781921E+03   -0.2070130273E+05    0.5488476500E+07
   212    0.1662797517E+11    0.5461597000E+07    0.0000000000E+00    0.1549572754E+03   -0.2049156836E+05    0.5212071000E+07
   213    0.1654913126E+11    0.6815038000E+07    0.0000000000E+00    0.1737264557E+03   -0.1859639258E+05    0.6565165000E+07
   214    0.1655712256E+11    0.7067708000E+07    0.0000000000E+00    0.1906343689E+03   -0.2027184570E+05    0.6817726000E+07
   215    0.1656259072E+11    0.6050427000E+07    0.0000000000E+00    0.2043264923E+03   -0.2008349805E+05    0.5800569000E+07
   216    0.1654589645E+11    0.4958345000E+07    0.0000000000E+00    0.2150495453E+03   -0.2147841406E+05    0.4710524000E+07
   217    0.1653531750E+11    0.6254617500E+07    0.0000000000E+00    0.2223298645E+03   -0.1924223828E+05    0.6005383000E+07
   218    0.1652020326E+11    0.6230659500E+07    0.0000000000E+00    0.2268662415E+03   -0.1942635742E+05    0.5981770000E+07
   219    0.1650761011E+11    0.5547794000E+07    0.0000000000E+00    0.2331691132E+03   -0.2017845117E+05    0.5299766000E+07
   220    0.1650729984E+11    0.5240305000E+07    0.0000000000E+00    0.2452690887E+03   -0.2099167383E+05    0.4991830000E+07
   221    0.1650966221E+11    0.4509263500E+07    0.0000000000E+00    0.2699841919E+03   -0.2071759180E+05    0.4260701500E+07
   222    0.1649553818E+11    0.4414314000E+07    0.0000000000E+00    0.3174204407E+03   -0.2069246875E+05    0.4165818000E+07
   223    0.1648860979E+11    0.4084508250E+07    0.0000000000E+00    0.3947207642E+03   -0.2022923047E+05    0.3835245000E+07
   224    0.1648364749E+11    0.3909610500E+07    0.0000000000E+00    0.5032694092E+03   -0.2079203711E+05    0.3660965500E+07
   225    0.1649026560E+11    0.4215347000E+07    0.0000000000E+00    0.6380175781E+03   -0.1998811523E+05    0.3965354500E+07
   226    0.1648472678E+11    0.4095872500E+07    0.0000000000E+00    0.7888557739E+03   -0.2725768359E+05    0.3853156000E+07
   227    0.1648628429E+11    0.4273719000E+07    0.0000000000E+00    0.9431691284E+03   -0.3986804688E+05    0.4043678000E+07
   228    0.1649366630E+11    0.4594353500E+07    0.0000000000E+00    0.1088535767E+04   -0.4034933594E+05    0.4364362500E+07
   229    0.1649597850E+11    0.4215918500E+07    0.0000000000E+00    0.1214747437E+04   -0.4336408594E+05    0.3989442000E+07
   230    0.1650144973E+11    0.4455740000E+07    0.0000000000E+00    0.1314885498E+04   -0.4143037500E+05    0.4226977500E+07
   231    0.1649029734E+11    0.5321429500E+07    0.0000000000E+00    0.1385608032E+04   -0.4323325781E+05    0.5094119500E+07
   232    0.1649122406E+11    0.4580660500E+07    0.0000000000E+00    0.1426680908E+04   -0.3969238281E+05    0.4352821500E+07
   233    0.1648408166E+11    0.4472816000E+07    0.0000000000E+00    0.1441231812E+04   -0.4388418750E+05    0.4255965000E+07
   234    0.1644824064E+11    0.3862719250E+07    0.0000000000E+00    0.1431258301E+04   -0.4242113281E+05    0.3654844250E+07
   235    0.1643213926E+11    0.4197429000E+07    0.0000000000E+00    0.1400943359E+04   -0.4141617578E+05    0.3988258750E+07
   236    0.1643833549E+11    0.4218598500E+07    0.0000000000E+00    0.1355188110E+04   -0.4074074219E+05    0.4009080250E+07
   237    0.1644005376E+11    0.4019071750E+07    0.0000000000E+00    0.1297353638E+04   -0.4305816406E+05    0.3812354000E+07
   238    0.1643267891E+11    0.4249213500E+07    0.0000000000E+00    0.1231172852E+04   -0.4085732031E+05    0.4039883000E+07
   239    0.1643376026E+11    0.3988005750E+07    0.0000000000E+00    0.1159840210E+04   -0.4261109766E+05    0.3781135500E+07
   240    0.1643368141E+11    0.3751618500E+07    0.0000000000E+00    0.1085979004E+04   -0.4351715234E+05    0.3545511500E+07
   241    0.1641549926E+11    0.5293750000E+07    0.0000000000E+00    0.1013107666E+04   -0.3935267969E+05    0.5084748000E+07
   242    0.1640058778E+11    0.4414924000E+07    0.0000000000E+00    0.9459655151E+03   -0.4148662109E+05    0.4208206500E+07
   243    0.1639529472E+11    0.3935704750E+07    0.0000000000E+00    0.8838481445E+03   -0.4577850391E+05    0.3732998250E+07
   244    0.1637739622E+11    0.3328207250E+07    0.0000000000E+00    0.8330543823E+03   -0.4512560547E+05    0.3124248250E+07
   245    0.1636279398E+11    0.3604335000E+07    0.0000000000E+00    0.7993563843E+03   -0.4044201953E+05    0.3395515000E+07
   246    0.1636822426E+11    0.3652507000E+07    0.0000000000E+00    0.7859087524E+03   -0.4135279688E+05    0.3444700500E+07
   247    0.1636776448E+11    0.4315785500E+07    0.0000000000E+00    0.7921766968E+03   -0.4131751953E+05    0.4107650000E+07
   248    0.1636656128E+11    0.3356403000E+07    0.0000000000E+00    0.8142167969E+03   -0.4190283203E+05    0.3149493000E+07
   249    0.1636348723E+11    0.3314373500E+07    0.0000000000E+00    0.8459039307E+03   -0.4347185547E+05    0.3113568000E+07
   250    0.1636136448E+11    0.8006234500E+07    0.0000000000E+00    0.2354341406E+05   -0.2595228906E+05    0.7886027500E+07
   251    0.1634903757E+11    0.8482501000E+07    0.0000000000E+00    0.6898988281E+05   -0.2794761914E+05    0.8319925000E+07
   252    0.1631824179E+11    0.7193308500E+07    0.0000000000E+00    0.1109086641E+06   -0.2989353906E+05    0.6989263000E+07
   253    0.1632160256E+11    0.7634820000E+07    0.0000000000E+00    0.1480518906E+06   -0.3053345898E+05    0.7370539000E+07
   254    0.1563120947E+11    0.1041056200E+08    0.0000000000E+00    0.4411303750E+06   -0.2851332812E+05    0.9988329000E+07
   255    0.1475640832E+11    0.8875402000E+07    0.0000000000E+00    0.1247432000E+07   -0.5087409766E+05    0.7121853500E+07
   256    0.1417089331E+11    0.7680123500E+07    0.0000000000E+00    0.1682638000E+07   -0.6921756250E+05    0.5974679500E+07
   257    0.1360871936E+11    0.6494475000E+07    0.0000000000E+00    0.1741550625E+07   -0.8773002344E+05    0.4749396500E+07
   258    0.1362665370E+11    0.7089847500E+07    0.0000000000E+00    0.1548629500E+07   -0.8424925000E+05    0.5505312500E+07
   259    0.1361317069E+11    0.6078000000E+07    0.0000000000E+00    0.1266261875E+07   -0.8351928125E+05    0.4771593500E+07
   260    0.1361658266E+11    0.5042236000E+07    0.0000000000E+00    0.9963360625E+06   -0.8502610156E+05    0.4000329000E+07
   261    0.1361541837E+11    0.4896372000E+07    0.0000000000E+00    0.7762844375E+06   -0.7566135938E+05    0.4058537000E+07
   262    0.1360580710E+11    0.4543527000E+07    0.0000000000E+00    0.6105033125E+06   -0.7588282812E+05    0.3868773000E+07
   263    0.1359644262E+11    0.4446645000E+07    0.0000000000E+00    0.4904746875E+06   -0.8721204688E+05    0.3900049000E+07
   264    0.1359014400E+11    0.4070731500E+07    0.0000000000E+00    0.4049561250E+06   -0.8300240625E+05    0.3620991500E+07
   265    0.1355330253E+11    0.3734912250E+07    0.0000000000E+00    0.3439305000E+06   -0.8632076562E+05    0.3373949500E+07
   266    0.1355573453E+11    0.3394444000E+07    0.0000000000E+00    0.2996927188E+06   -0.8492648438E+05    0.3075219000E+07
   267    0.1356467507E+11    0.3485118500E+07    0.0000000000E+00    0.2666939688E+06   -0.7852478906E+05    0.3192088000E+07
   268    0.1356854477E+11    0.3351455250E+07    0.0000000000E+00    0.2411129062E+06   -0.8198698438E+05    0.3086216500E+07
   269    0.1355207578E+11    0.3295438500E+07    0.0000000000E+00    0.2203835625E+06   -0.8056909375E+05    0.3048933750E+07
   270    0.1356625203E+11    0.3569072750E+07    0.0000000000E+00    0.2028393281E+06   -0.7910912500E+05    0.3338835500E+07
   271    0.1355691110E+11    0.3134850500E+07    0.0000000000E+00    0.1885617812E+06   -0.7943439844E+05    0.2918905500E+07
   272    0.1352485376E+11    0.3073082500E+07    0.0000000000E+00    0.1863386094E+06   -0.7858420312E+05    0.2858142750E+07
   273    0.1349400986E+11    0.2629984500E+07    0.0000000000E+00    0.1880261875E+06   -0.8044657031E+05    0.2415594500E+07
   274    0.1350485299E+11    0.2884863000E+07    0.0000000000E+00    0.2066059219E+06   -0.8154889062E+05    0.2653135000E+07
   275    0.1350834483E+11    0.3300267000E+07    0.0000000000E+00    0.2504020469E+06   -0.8343357031E+05    0.3027196500E+07
   276    0.1350533018E+11    0.2942914500E+07    0.0000000000E+00    0.2940109375E+06   -0.9417693750E+05    0.2639421500E+07
   277    0.1348694016E+11    0.2514603500E+07    0.0000000000E+00    0.3142650938E+06   -0.9300888281E+05    0.2189765000E+07
   278    0.1347740979E+11    0.2586717750E+07    0.0000000000E+00    0.3284650000E+06   -0.8820814062E+05    0.2243651750E+07
   279    0.1345711309E+11    0.2194875500E+07    0.0000000000E+00    0.3266344688E+06   -0.9516183594E+05    0.1860426000E+07
   280    0.1351533363E+11    0.4166926000E+07    0.0000000000E+00    0.3252627500E+06   -0.7244835938E+05    0.3824543000E+07
   281    0.1352829030E+11    0.4151418500E+07    0.0000000000E+00    0.3374815000E+06   -0.7589209375E+05    0.3802542500E+07
   282    0.1346902118E+11    0.3450608000E+07    0.0000000000E+00    0.3592329375E+06   -0.8060035156E+05    0.3084920750E+07
   283    0.1343031808E+11    0.2940571500E+07    0.0000000000E+00    0.3666904375E+06   -0.9123313281E+05    0.2576792750E+07
   284    0.1335894426E+11    0.2515956000E+07    0.0000000000E+00    0.3445547812E+06   -0.8975539062E+05    0.2179753750E+07
   285    0.1336442470E+11    0.2345716000E+07    0.0000000000E+00    0.3030596562E+06   -0.9093121094E+05    0.2079745875E+07
   286    0.1336881459E+11    0.2303491500E+07    0.0000000000E+00    0.2584214844E+06   -0.8811953125E+05    0.2079715375E+07
   287    0.1335420416E+11    0.2226606000E+07    0.0000000000E+00    0.2207223750E+06   -0.8680323438E+05    0.2038738375E+07
   288    0.1335928934E+11    0.2183439000E+07    0.0000000000E+00    0.1930036250E+06   -0.9416889062E+05    0.2030841500E+07
   289    0.1336428544E+11    0.2165008000E+07    0.0000000000E+00    0.1740968125E+06   -0.9360646875E+05    0.2030803125E+07
   290    0.1336946483E+11    0.2152476750E+07    0.0000000000E+00    0.1615259844E+06   -0.9334024219E+05    0.2030529875E+07
   291    0.1332483174E+11    0.2113480500E+07    0.0000000000E+00    0.1529388281E+06   -0.9305966406E+05    0.2000072750E+07
   292    0.1333070746E+11    0.2042227125E+07    0.0000000000E+00    0.1465265312E+06   -0.9348527344E+05    0.1935611375E+07
   293    0.1330884813E+11    0.1456089000E+07    0.0000000000E+00    0.1410745156E+06   -0.9474938281E+05    0.1357010625E+07
   294    0.1330959565E+11    0.1394411500E+07    0.0000000000E+00    0.1358505000E+06   -0.9376654688E+05    0.1305829500E+07
   295    0.1331437261E+11    0.1384232125E+07    0.0000000000E+00    0.1304645859E+06   -0.9340964062E+05    0.1300500125E+07
   296    0.1331669709E+11    0.1332507000E+07    0.0000000000E+00    0.1369489062E+06   -0.9263519531E+05    0.1242299125E+07
   297    0.1330296832E+11    0.1316907000E+07    0.0000000000E+00    0.1530241875E+06   -0.9326107031E+05    0.1211549625E+07
   298    0.1330677965E+11    0.1308811250E+07    0.0000000000E+00    0.1614619531E+06   -0.9369725781E+05    0.1195970250E+07
   299    0.1331228467E+11    0.1305738750E+07    0.0000000000E+00    0.1580457031E+06   -0.9306498438E+05    0.1195812250E+07
   300    0.1331749683E+11    0.1295109000E+07    0.0000000000E+00    0.1459102969E+06   -0.9173789844E+05    0.1195693250E+07
   301    0.1332241715E+11    0.1281316625E+07    0.0000000000E+00    0.1301783281E+06   -0.9015296875E+05    0.1195519125E+07
   302    0.1332500480E+11    0.1263506750E+07    0.0000000000E+00    0.1145266797E+06   -0.8858469531E+05    0.1195244375E+07
   303    0.1332940800E+11    0.1248572500E+07    0.0000000000E+00    0.1007531250E+06   -0.8701373438E+05    0.1195105125E+07
   304    0.1333353984E+11    0.1249161250E+07    0.0000000000E+00    0.1011051562E+06   -0.8592476562E+05    0.1194295750E+07
   305    0.1333546394E+11    0.1240227625E+07    0.0000000000E+00    0.1043793828E+06   -0.8662642969E+05    0.1183289125E+07
   306    0.1331746099E+11    0.1130176250E+07    0.0000000000E+00    0.1440013281E+06   -0.9062732812E+05    0.1038316625E+07
   307    0.1331576422E+11    0.9698565000E+06    0.0000000000E+00    0.2075788281E+06   -0.9663282812E+05    0.8221731250E+06
   308    0.1332655718E+11    0.8060340625E+06    0.0000000000E+00    0.2548121875E+06   -0.1143021797E+06    0.6295381250E+06
   309    0.1331368653E+11    0.4441642500E+06    0.0000000000E+00    0.2661098750E+06   -0.1220891562E+06    0.1180334844E+06
   310    0.1333519667E+11    0.3983578750E+06    0.0000000000E+00    0.2466118750E+06   -0.1284443672E+06    0.9645731250E+05
   311    0.1330894336E+11    0.4460810000E+06    0.0000000000E+00    0.2109084844E+06   -0.1112188281E+06    0.1683862500E+06
   312    0.1332540109E+11    0.3529020000E+06    0.0000000000E+00    0.1716012812E+06   -0.1343166250E+06    0.1370790625E+06
   313    0.1332533350E+11    0.3817332500E+06    0.0000000000E+00    0.1922738906E+06   -0.1143462188E+06    0.1293779688E+06
   314    0.1332679987E+11    0.4102266250E+06    0.0000000000E+00    0.2464644062E+06   -0.1177393047E+06    0.1046860547E+06
   315    0.1332783514E+11    0.4090839375E+06    0.0000000000E+00    0.2623473125E+06   -0.1206390859E+06    0.8790508594E+05
   316    0.1332739994E+11    0.3757909375E+06    0.0000000000E+00    0.2388355312E+06   -0.1243966328E+06    0.7949643750E+05
   317    0.1332868096E+11    0.3292866250E+06    0.0000000000E+00    0.2004510625E+06   -0.1258677734E+06    0.7250536719E+05
   318    0.1333086822E+11    0.2842388125E+06    0.0000000000E+00    0.1611355312E+06   -0.1186862109E+06    0.5779993359E+05
   319    0.1332047155E+11    0.2416578750E+06    0.0000000000E+00    0.1263674766E+06   -0.1248146406E+06    0.5360758594E+05
   320    0.1332030464E+11    0.2190018125E+06    0.0000000000E+00    0.9771914062E+05   -0.1209293359E+06    0.5601353906E+05
   321    0.1331958170E+11    0.1978883125E+06    0.0000000000E+00    0.7508104688E+05   -0.1208193750E+06    0.5610377734E+05
   322    0.1332042650E+11    0.1812606875E+06    0.0000000000E+00    0.5766253906E+05   -0.1199298281E+06    0.5545710156E+05
   323    0.1332120474E+11    0.1683431250E+06    0.0000000000E+00    0.4448064453E+05   -0.1194504219E+06    0.5479469922E+05
   324    0.1332191027E+11    0.1594968125E+06    0.0000000000E+00    0.3459162109E+05   -0.1187811406E+06    0.5500582031E+05
   325    0.1332251238E+11    0.1517855000E+06    0.0000000000E+00    0.2719425586E+05   -0.1189328906E+06    0.5433601953E+05
   326    0.1332441702E+11    0.1659076250E+06    0.0000000000E+00    0.2748283203E+05   -0.1184407500E+06    0.6974625000E+05
   327    0.1331947110E+11    0.4777986250E+06    0.0000000000E+00    0.1408048594E+06   -0.1171078125E+06    0.3145105000E+06
   328    0.1330357248E+11    0.4071210625E+06    0.0000000000E+00    0.2126819219E+06   -0.1244544375E+06    0.1828732344E+06
   329    0.1333557453E+11    0.3212963750E+06    0.0000000000E+00    0.2139019531E+06   -0.1308008750E+06    0.5723125000E+05
   330    0.1333616845E+11    0.2980708750E+06    0.0000000000E+00    0.1796866875E+06   -0.1231455547E+06    0.5751567578E+05
   331    0.1333522534E+11    0.2558795000E+06    0.0000000000E+00    0.1389019844E+06   -0.1232583672E+06    0.5507215625E+05
   332    0.1332203622E+11    0.2340566875E+06    0.0000000000E+00    0.1034605703E+06   -0.1174171484E+06    0.6284172656E+05
   333    0.1333014016E+11    0.2000120000E+06    0.0000000000E+00    0.7599067188E+05   -0.1186060312E+06    0.5550288281E+05
   334    0.1332942643E+11    0.1756151250E+06    0.0000000000E+00    0.5564968359E+05   -0.1216296562E+06    0.5376221875E+05
   335    0.1331694592E+11    0.1702249375E+06    0.0000000000E+00    0.4084010938E+05   -0.1170426484E+06    0.5759751953E+05
   336    0.1331656806E+11    0.1609196875E+06    0.0000000000E+00    0.3011233398E+05   -0.1144984922E+06    0.5665675000E+05
   337    0.1331611443E+11    0.1507795625E+06    0.0000000000E+00    0.2234297852E+05   -0.1140635469E+06    0.5365361328E+05
   338    0.1331634790E+11    0.1688861875E+06    0.0000000000E+00    0.1670708594E+05   -0.1089350391E+06    0.7301596094E+05
   339    0.1333973914E+11    0.1367075000E+06    0.0000000000E+00    0.1260577344E+05   -0.1194672109E+06    0.5339758984E+05
   340    0.1333990912E+11    0.1278388125E+06    0.0000000000E+00    0.9610058594E+04   -0.1182829609E+06    0.4553004297E+05
   341    0.1333985587E+11    0.1276260625E+06    0.0000000000E+00    0.7411764160E+04   -0.1190836641E+06    0.4849750781E+05
   342    0.1332853043E+11    0.1232201250E+06    0.0000000000E+00    0.5789746094E+04   -0.1192156250E+06    0.4703529688E+05
   343    0.1332869939E+11    0.1242055000E+06    0.0000000000E+00    0.4584773926E+04   -0.1183643203E+06    0.4734817188E+05
   344    0.1332862771E+11    0.1208705625E+06    0.0000000000E+00    0.3682404053E+04   -0.1193644531E+06    0.4588210547E+05
   345    0.1332870758E+11    0.1219324375E+06    0.0000000000E+00    0.3000385254E+04   -0.1185610391E+06    0.4690474219E+05
   346    0.1332877414E+11    0.1238632500E+06    0.0000000000E+00    0.2479391113E+04   -0.1182298359E+06    0.4866427344E+05
   347    0.1332866867E+11    0.1200958125E+06    0.0000000000E+00    0.2076725586E+04   -0.1191726328E+06    0.4627078516E+05
   348    0.1332869018E+11    0.1195341250E+06    0.0000000000E+00    0.1761461426E+04   -0.1191750703E+06    0.4617267969E+05
   349    0.1332912435E+11    0.1404490625E+06    0.0000000000E+00    0.1511692749E+04   -0.1087444297E+06    0.5854903906E+05
   350    0.1332798976E+11    0.1142502500E+06    0.0000000000E+00    0.1310457153E+04   -0.1178789609E+06    0.4078428906E+05
   351    0.1332943258E+11    0.1482995000E+06    0.0000000000E+00    0.1146559448E+04   -0.1055608281E+06    0.6472264453E+05
   352    0.1331630592E+11    0.1680269375E+06    0.0000000000E+00    0.1192493408E+04   -0.9839533594E+05    0.7756658594E+05
   353    0.1332708762E+11    0.1053664375E+06    0.0000000000E+00    0.1985782959E+04   -0.1214284531E+06    0.3316410156E+05
   354    0.1332817408E+11    0.1286766875E+06    0.0000000000E+00    0.2753800537E+04   -0.1103276953E+06    0.4540410938E+05
   355    0.1332810752E+11    0.1257271250E+06    0.0000000000E+00    0.3036049316E+04   -0.1086280000E+06    0.4154802344E+05
   356    0.1332514918E+11    0.9803562500E+05    0.0000000000E+00    0.2872219238E+04   -0.1228868594E+06    0.2736445703E+05
   357    0.1332588954E+11    0.1148561875E+06    0.0000000000E+00    0.2695386475E+04   -0.1132555938E+06    0.3455014844E+05
   358    0.1331236250E+11    0.1657270000E+06    0.0000000000E+00    0.2722624512E+04   -0.9864092969E+05    0.7228568750E+05
   359    0.1331269427E+11    0.2577793125E+06    0.0000000000E+00    0.4308020508E+04   -0.9400487500E+05    0.1601658594E+06
   360    0.1331175731E+11    0.1895287500E+06    0.0000000000E+00    0.6972319824E+04   -0.1037820859E+06    0.9929588281E+05
   361    0.1331277210E+11    0.2385826250E+06    0.0000000000E+00    0.9518657227E+04   -0.9222600781E+05    0.1332931094E+06
   362    0.1332404634E+11    0.1264778750E+06    0.0000000000E+00    0.1100812402E+05   -0.1205634844E+06    0.4267479688E+05
   363    0.1332475904E+11    0.1420093125E+06    0.0000000000E+00    0.1113397461E+05   -0.1030116875E+06    0.4337541016E+05
   364    0.1332440781E+11    0.1262966250E+06    0.0000000000E+00    0.1040285449E+05   -0.1118271562E+06    0.3798269922E+05
   365    0.1332413338E+11    0.1181981250E+06    0.0000000000E+00    0.9229399414E+04   -0.1139658984E+06    0.3298834375E+05
