597
grid_id subbasin rgrid_len
453	1	1012
529	1	1162
605	1	1087
671	3	477
680	1	1094
681	1	251
746	3	1177
756	1	1188
818	2	873
822	3	1164
831	1	891
832	1	567
893	2	1233
898	3	1266
907	1	1221
969	2	1180
974	3	1257
981	1	497
982	1	1407
983	1	58
1046	2	985
1050	3	1363
1056	9	669
1057	1	926
1057	6	584
1057	9	67
1119	5	726
1120	5	1281
1121	5	1178
1122	2	640
1122	5	913
1122	7	217
1123	7	1299
1124	7	408
1127	4	660
1128	9	268
1129	9	1261
1130	9	1149
1131	9	1110
1132	9	749
1133	6	1179
1193	5	906
1194	5	1162
1195	5	501
1200	7	1093
1201	7	1034
1203	4	207
1203	8	880
1203	9	1154
1204	9	934
1209	6	778
1210	6	424
1278	7	7
1278	8	79
1278	9	49
1278	10	852
1278	11	906
1278	12	95
1279	8	323
1279	9	459
1286	6	252
1354	12	765
1354	13	335
1430	13	1124
1506	13	1186
1582	13	1186
1658	13	1112
1734	13	1099
1802	18	627
1810	13	1099
1870	17	117
1878	18	1182
1886	13	1204
1946	17	1084
1954	18	1026
1962	13	752
1962	14	680
1962	19	385
1963	14	1392
1964	14	630
2022	17	1148
2030	18	567
2038	19	1198
2040	14	537
2041	14	1144
2042	14	1288
2043	14	416
2098	17	1196
2105	18	1192
2114	19	843
2166	15	427
2174	17	1213
2181	18	1209
2189	19	1154
2241	15	1280
2251	17	472
2257	18	1112
2265	19	1198
2317	15	1272
2327	17	1279
2328	17	113
2333	18	1229
2340	19	1060
2341	19	797
2393	15	1124
2404	17	1482
2408	18	1029
2409	18	242
2415	19	791
2416	19	632
2470	16	363
2471	16	708
2472	16	615
2481	17	1012
2484	18	1167
2491	19	1295
2545	15	305
2545	16	242
2545	24	940
2546	16	786
2547	16	428
2548	16	572
2549	16	388
2557	17	1380
2560	18	1186
2566	19	1166
2567	19	153
2621	24	1131
2633	17	284
2633	18	762
2633	21	924
2634	18	1266
2635	18	1147
2636	18	894
2642	19	1114
2697	24	837
2709	21	1177
2717	19	813
2717	20	377
2717	23	391
2718	19	246
2772	24	1320
2785	21	1147
2789	23	985
2790	23	871
2791	23	1141
2792	23	1256
2793	20	698
2793	23	451
2794	20	1325
2848	24	692
2861	21	664
2862	21	434
2862	22	242
2863	23	1206
2864	23	1269
2865	23	191
2866	23	339
2871	20	1099
2923	24	1366
2938	22	330
2938	23	821
2938	25	766
2939	23	71
2998	24	685
2999	24	1183
3013	25	1335
3074	24	1286
3075	24	14
3089	25	1243
3150	24	1256
3165	25	1239
3227	24	1184
3241	25	1062
3303	24	1128
3317	25	1124
3379	24	1172
3391	30	192
3393	25	1137
3455	24	1241
3467	30	997
3469	25	983
3528	26	701
3529	26	1271
3530	26	1167
3531	24	676
3531	26	1278
3532	24	108
3532	26	65
3532	29	996
3536	28	216
3543	30	1139
3544	25	676
3544	27	511
3544	31	477
3545	27	657
3546	27	114
3604	26	467
3608	29	606
3609	29	713
3611	28	803
3612	28	479
3619	30	1142
3620	31	1135
3621	27	565
3622	27	1136
3623	27	1365
3624	27	742
3634	44	674
3635	44	846
3685	29	1244
3686	29	452
3687	28	1262
3695	30	1124
3696	31	1122
3709	44	1283
3710	44	1039
3762	29	1126
3763	28	514
3763	29	55
3763	32	887
3770	30	1049
3771	30	639
3771	31	1566
3772	31	32
3783	44	581
3784	44	1293
3839	32	1535
3846	30	1344
3846	31	195
3847	31	1443
3858	44	511
3859	44	1209
3916	32	1419
3922	30	1137
3922	31	912
3923	31	407
3934	44	1403
3992	32	1488
3998	30	1167
3998	31	437
3999	31	1244
4009	44	619
4010	44	691
4068	32	1219
4069	32	171
4074	30	25
4074	31	35
4074	33	1294
4085	44	1398
4145	32	1201
4150	33	626
4160	44	1321
4161	44	14
4221	32	1151
4225	33	1112
4236	44	1156
4297	32	664
4297	35	739
4301	33	1222
4302	34	441
4312	44	1135
4363	38	855
4373	35	629
4374	35	804
4376	33	731
4376	34	138
4376	36	480
4377	33	358
4377	34	1365
4378	34	398
4388	44	1137
4439	38	602
4440	38	729
4450	35	608
4451	35	933
4451	36	1192
4452	34	141
4452	36	504
4453	34	272
4464	44	1124
4516	38	1216
4526	39	816
4527	35	35
4527	36	25
4527	39	631
4541	44	195
4592	38	1154
4602	39	1275
4617	44	1025
4668	38	607
4669	38	737
4677	39	834
4678	39	417
4693	44	1012
4745	38	1112
4753	39	1265
4769	44	1099
4821	38	1129
4829	39	113
4845	44	1140
4897	38	1241
4920	44	1026
4921	44	200
4968	37	547
4974	38	1304
4980	39	1075
4995	44	421
4996	44	1277
5044	37	1162
5051	38	1426
5056	39	1000
5069	44	397
5070	44	1143
5071	44	931
5120	37	1231
5128	38	860
5132	39	1000
5143	44	1205
5144	44	1226
5145	44	906
5196	37	1240
5197	37	124
5204	38	1099
5207	39	297
5208	39	1070
5215	44	557
5216	44	1205
5217	44	1210
5218	44	1261
5219	44	428
5273	37	1191
5274	37	989
5280	38	1241
5282	39	509
5283	39	1055
5290	44	405
5291	44	1156
5350	37	387
5351	37	1502
5352	37	147
5357	38	860
5357	39	637
5358	39	848
5365	44	540
5366	44	1143
5426	40	749
5427	37	60
5427	40	846
5428	37	1039
5428	40	7
5428	43	111
5433	38	1169
5433	39	1109
5433	41	45
5440	44	1078
5441	44	812
5503	40	356
5504	43	1463
5508	41	57
5508	42	974
5509	41	915
5516	44	1214
5580	43	629
5581	43	1198
5582	43	1226
5583	43	1356
5584	42	807
5584	43	145
5584	46	682
5592	44	1316
5660	46	1325
5668	44	1357
5737	46	654
5745	44	1062
5813	46	1335
5821	44	1311
5822	45	975
5889	46	1165
5898	44	21
5898	45	157
5898	52	1099
5961	47	1501
5962	47	301
5965	46	1257
5974	52	1354
6038	47	823
6039	47	1683
6041	46	736
6041	48	35
6042	48	764
6051	52	1234
6116	47	957
6118	48	1276
6127	52	1130
6191	47	1239
6193	48	747
6194	48	1728
6203	52	1408
6267	47	1251
6267	48	584
6267	51	97
6268	48	1168
6269	48	505
6279	52	1496
6343	51	1097
6355	52	1324
6419	51	1097
6430	52	1232
6431	52	22
6495	51	1258
6506	52	1413
6570	51	982
6571	51	565
6581	52	1254
6582	52	57
6585	54	1305
6645	51	432
6646	51	1114
6657	52	1520
6659	54	429
6660	54	1348
6661	54	356
6721	51	1151
6730	49	159
6732	52	1259
6733	52	562
6734	54	1191
6735	54	888
6797	50	662
6797	51	1162
6797	55	57
6802	56	346
6803	56	1068
6804	56	1638
6805	49	832
6805	53	727
6805	56	774
6806	52	36
6807	52	1766
6808	52	345
6808	54	883
6809	54	1239
6810	54	1015
6873	55	1097
6877	56	792
6878	56	1143
6881	53	297
6882	52	21
6882	53	1092
6882	54	45
6883	54	1297
6884	54	595
6949	55	1164
6953	56	1278
7025	55	1118
7026	55	313
7028	56	1304
7029	56	50
7102	55	1117
7104	56	1152
7178	55	1087
7180	56	1254
7254	55	1081
7255	56	1394
7256	56	60
7330	55	1171
7330	56	560
7331	56	794
7405	55	1299
7406	55	447
7406	56	1333
7482	55	320
7482	56	403
7482	57	724
7558	57	124
7558	58	196
7630	61	557
7633	58	1226
7705	61	1207
7709	58	1056
7781	61	1124
7785	58	1136
7788	59	712
7857	61	1142
7862	58	551
7862	59	705
7863	59	1233
7934	61	1154
7938	58	272
7938	59	422
7938	64	553
8008	60	720
8010	61	1202
8013	64	1383
8084	60	1007
8085	60	951
8085	61	496
8086	61	669
8089	64	1251
8161	60	487
8161	61	245
8161	62	733
8162	62	452
8164	64	1484
8165	64	975
8237	62	488
8238	62	797
8240	64	1254
8314	62	1386
8316	64	1137
8318	65	302
8319	65	1270
8320	65	298
8389	67	917
8390	62	927
8390	63	751
8390	67	350
8392	64	1130
8392	65	141
8393	65	1603
8394	65	925
8465	67	1140
8467	63	745
8467	64	560
8467	65	562
8468	64	306
8468	65	1245
8469	65	42
8537	66	872
8540	67	687
8541	67	561
8613	66	1306
8615	67	672
8616	67	1422
8689	66	745
8690	66	224
8690	67	1093
8690	68	240
8691	67	738
8692	67	427
8764	68	619
8765	68	1314
8766	68	14
8839	71	463
8840	68	475
8840	69	763
8840	71	585
8841	69	562
8914	71	485
8915	71	1155
8917	69	806
8918	69	1273
8919	69	1159
8920	69	1167
8921	69	792
8987	70	493
8989	71	693
8990	71	1190
9063	70	1121
9065	71	1208
9139	70	1193
9140	71	1244
9141	71	14
9214	72	287
9215	70	759
9215	71	260
9215	72	1117
9216	71	719
9288	74	420
9289	72	139
9289	74	1261
9290	72	1042
9362	74	1206
9363	74	1721
9364	74	934
9435	75	867
9436	75	1427
9437	73	177
9437	74	1033
9437	75	64
9509	75	1239
9510	75	1215
9511	75	245
9583	75	613
9584	75	1483
9585	75	161
9658	75	975
9659	75	897
9732	75	486
9733	75	1270
9734	75	325
9806	75	947
9807	75	1260
9808	75	1009
9881	75	1237
9882	75	399
