  |-----TILL------|     1       2       3       4       5       6       7       8       9      10      11      12      13      14      15      16      17      18      19      20      21      22      23      24      25      26      27      28
   #  NAME     PCD    PRIC    PLST    HRY     HRL     PWR     WDT     SPD     RC1     RC2     XLB     FCM     VR1     VR2     EFM     RTI     EMX     RR      TLD     RHT     RIN     DKH     DKI     IHC     HE      ORHI    FRCP    FPOP    CFEM    STIR     EQP
 1    TR2W40LP POWE   16237   17861     320   12000      30     0.3    0.00   0.007   2.000   0.100   0.680   0.680   0.920   0.000   0.000   0.000   0.000   0.000   0.000   0.000   0.000   0.000     4.0   0.000   0.000   0.000   0.000   0.000    10.0 TRACTOR 2WD  40 HP  LP   
 2    TR2W40GS POWE   16600   18260     320   12000      30     0.3    0.00   0.007   2.000   0.100   0.530   0.680   0.920   0.000   0.000   0.000   0.000   0.000   0.000   0.000   0.000   0.000     4.0   0.000   0.000   0.000   0.000   0.000    10.0 TRACTOR 2WD  40 HP  GAS  
 3    TR2W40DS POWE   16600   18260     320   12000      30     0.3    0.00   0.007   2.000   0.100   0.420   0.680   0.920   0.000   0.000   0.000   0.000   0.000   0.000   0.000   0.000   0.000     4.0   0.000   0.000   0.000   0.000   0.000    10.0 TRACTOR 2WD  40 HP DIESEL
 4    TR2W55LP POWE   22000   24200     340   12000      41     0.3    0.00   0.007   2.000   0.100   0.680   0.680   0.920   0.000   0.000   0.000   0.000   0.000   0.000   0.000   0.000   0.000     4.0   0.000   0.000   0.000   0.000   0.000    10.0 TRACTOR 2WD  55 HP  LP   
 5    TR2W55GS POWE   22000   24200     340   12000      41     0.3    0.00   0.007   2.000   0.100   0.530   0.680   0.920   0.000   0.000   0.000   0.000   0.000   0.000   0.000   0.000   0.000     4.0   0.000   0.000   0.000   0.000   0.000    10.0 TRACTOR 2WD  55 HP  GAS  
 6    TR2W55DS POWE   22000   24200     340   12000      41     0.3    0.00   0.007   2.000   0.100   0.420   0.680   0.920   0.000   0.000   0.000   0.000   0.000   0.000   0.000   0.000   0.000     4.0   0.000   0.000   0.000   0.000   0.000    10.0 TRACTOR 2WD  55 HP DIESEL
 7    TR2W85LP POWE   34200   37620     550   12000      63     0.3    0.00   0.007   2.000   0.100   0.680   0.680   0.920   0.000   0.000   0.000   0.000   0.000   0.000   0.000   0.000   0.000     4.0   0.000   0.000   0.000   0.000   0.000    10.0 TRACTOR 2WD  85 HP  LP   
 8    TR2W85GS POWE   34200   37620     550   12000      63     0.3    0.00   0.007   2.000   0.100   0.530   0.680   0.920   0.000   0.000   0.000   0.000   0.000   0.000   0.000   0.000   0.000     4.0   0.000   0.000   0.000   0.000   0.000    10.0 TRACTOR 2WD  85 HP  GAS  
 9    TR2W85DS POWE   34200   37620     550   12000      63     0.3    0.00   0.007   2.000   0.100   0.420   0.680   0.920   0.000   0.000   0.000   0.000   0.000   0.000   0.000   0.000   0.000     4.0   0.000   0.000   0.000   0.000   0.000    10.0 TRACTOR 2WD  85 HP DIESEL
 10   TR2100LP POWE   43400   47740     525   12000      75     0.3    0.00   0.007   2.000   0.100   0.680   0.680   0.920   0.000   0.000   0.000   0.000   0.000   0.000   0.000   0.000   0.000     4.0   0.000   0.000   0.000   0.000   0.000    10.0 TRACTOR 2WD 100 HP  LP   
 11   HORSE    POWE    2190    2409     900    9000       0     0.3    3.22   1.000   0.002   0.100   0.000   0.600   0.885   0.750   0.000   0.000   0.000   0.000   0.000   0.000   0.000   0.000     4.0   0.000   0.000   0.000   0.000   0.000    10.0 HORSE OR MULE            
 12   TR2100DS POWE   43400   47740     525   12000      75     0.3    0.00   0.007   2.000   0.100   0.420   0.680   0.920   0.000   0.000   0.000   0.000   0.000   0.000   0.000   0.000   0.000     4.0   0.000   0.000   0.000   0.000   0.000    10.0 TRACTOR 2WD 100 HP DIESEL
 15   TR2135DS POWE   56288   61916     640   12000     101     0.3    0.00   0.007   2.000   0.100   0.420   0.680   0.920   0.000   0.000   0.000   0.000   0.000   0.000   0.000   0.000   0.000     4.0   0.000   0.000   0.000   0.000   0.000    10.0 TRACTOR 2WD 135 HP DIESEL
 18   TR2160DS POWE   71619   78781     660   12000     119     0.3    0.00   0.007   2.000   0.100   0.420   0.680   0.920   0.000   0.000   0.000   0.000   0.000   0.000   0.000   0.000   0.000     4.0   0.000   0.000   0.000   0.000   0.000    10.0 TRACTOR 2WD 160 HP DIESEL
 21   TR2175DS POWE   84254   92679     660   12000     130     0.3    0.00   0.007   2.000   0.100   0.420   0.680   0.920   0.000   0.000   0.000   0.000   0.000   0.000   0.000   0.000   0.000     4.0   0.000   0.000   0.000   0.000   0.000    10.0 TRACTOR 2WD 175 HP DIESEL
 24   TR2205DS POWE  103428  113771     685   12000     153     0.3    0.00   0.007   2.000   0.100   0.420   0.680   0.920   0.000   0.000   0.000   0.000   0.000   0.000   0.000   0.000   0.000     4.0   0.000   0.000   0.000   0.000   0.000    10.0 TRACTOR 2WD 205 HP DIESEL
 27   TR2225DS POWE  116240  127864     800   12000     168     0.3    0.00   0.007   2.000   0.100   0.420   0.680   0.920   0.000   0.000   0.000   0.000   0.000   0.000   0.000   0.000   0.000     4.0   0.000   0.000   0.000   0.000   0.000    10.0 TRACTOR 2WD 225 HP DIESEL
 30   TR2290DS POWE  147253  161978     999   12000     216     0.3    0.00   0.007   2.000   0.100   0.420   0.680   0.920   0.000   0.000   0.000   0.000   0.000   0.000   0.000   0.000   0.000     4.0   0.000   0.000   0.000   0.000   0.000    10.0 TRACTOR 2WD 290 HP DIESEL
 33   TR4W40DS POWE   15908   17499     320   12000      30     0.3    0.00   0.003   2.000   0.100   0.420   0.680   0.920   0.000   0.000   0.000   0.000   0.000   0.000   0.000   0.000   0.000     4.0   0.000   0.000   0.000   0.000   0.000    10.0 TRACTOR 4WD  40 HP DIESEL
 36   TR4W55DS POWE   18650   20515     340   12000      41     0.3    0.00   0.003   2.000   0.100   0.420   0.680   0.920   0.000   0.000   0.000   0.000   0.000   0.000   0.000   0.000   0.000     4.0   0.000   0.000   0.000   0.000   0.000    10.0 TRACTOR 4WD  55 HP DIESEL
 39   TR4W85DS POWE   29862   32848     550   12000      63     0.3    0.00   0.003   2.000   0.100   0.420   0.680   0.920   0.000   0.000   0.000   0.000   0.000   0.000   0.000   0.000   0.000     4.0   0.000   0.000   0.000   0.000   0.000    10.0 TRACTOR 4WD  85 HP DIESEL
 42   TR4100DS POWE   38492   42342     525   12000      75     0.3    0.00   0.003   2.000   0.100   0.420   0.680   0.920   0.000   0.000   0.000   0.000   0.000   0.000   0.000   0.000   0.000     4.0   0.000   0.000   0.000   0.000   0.000    10.0 TRACTOR 4WD 100 HP DIESEL
 45   TR4135DS POWE   54791   60270     640   12000     101     0.3    0.00   0.003   2.000   0.100   0.420   0.680   0.920   0.000   0.000   0.000   0.000   0.000   0.000   0.000   0.000   0.000     4.0   0.000   0.000   0.000   0.000   0.000    10.0 TRACTOR 4WD 135 HP DIESEL
 48   TR4160DS POWE   69716   76687     660   12000     119     0.3    0.00   0.003   2.000   0.100   0.420   0.680   0.920   0.000   0.000   0.000   0.000   0.000   0.000   0.000   0.000   0.000     4.0   0.000   0.000   0.000   0.000   0.000    10.0 TRACTOR 4WD 160 HP DIESEL
 51   TR4175DS POWE   81881   90069     660   12000     130     0.3    0.00   0.003   2.000   0.100   0.420   0.680   0.920   0.000   0.000   0.000   0.000   0.000   0.000   0.000   0.000   0.000     4.0   0.000   0.000   0.000   0.000   0.000    10.0 TRACTOR 4WD 175 HP DIESEL
 54   TR4205DS POWE  100515  110567     685   12000     153     0.3    0.00   0.003   2.000   0.100   0.420   0.680   0.920   0.000   0.000   0.000   0.000   0.000   0.000   0.000   0.000   0.000     4.0   0.000   0.000   0.000   0.000   0.000    10.0 TRACTOR 4WD 205 HP DIESEL
 57   TR4225DS POWE  127000  139700     800   12000     168     0.3    0.00   0.003   2.000   0.100   0.420   0.680   0.920   0.000   0.000   0.000   0.000   0.000   0.000   0.000   0.000   0.000     4.0   0.000   0.000   0.000   0.000   0.000    10.0 TRACTOR 4WD 225 HP DIESEL
 60   TR4290DS POWE  143107  157418     999   12000     216     0.3    0.00   0.003   2.000   0.100   0.420   0.680   0.920   0.000   0.000   0.000   0.000   0.000   0.000   0.000   0.000   0.000     4.0   0.000   0.000   0.000   0.000   0.000    10.0 TRACTOR 4WD 290 HP DIESEL
 63   4W40HPDS POWE  159080  174990     320   12000      30     0.3    0.00   0.003   2.000   0.100   0.420   0.680   0.920   0.000   0.000   0.000   0.000   0.000   0.000   0.000   0.000   0.000     4.0   0.000   0.000   0.000   0.000   0.000    10.0 4W ASST  40 HP DIESEL    
 66   4W55HPDS POWE   18650   20515     340   12000      41     0.3    0.00   0.003   2.000   0.100   0.420   0.680   0.920   0.000   0.000   0.000   0.000   0.000   0.000   0.000   0.000   0.000     4.0   0.000   0.000   0.000   0.000   0.000    10.0 4W ASST  55 HP DIESEL    
 69   4W85HPDS POWE   29862   32848     550   12000      63     0.3    0.00   0.003   2.000   0.100   0.420   0.680   0.920   0.000   0.000   0.000   0.000   0.000   0.000   0.000   0.000   0.000     4.0   0.000   0.000   0.000   0.000   0.000    10.0 4W ASST  85 HP DIESEL    
 72   4W100DS  POWE   38492   42342     525   12000      75     0.3    0.00   0.003   2.000   0.100   0.420   0.680   0.920   0.000   0.000   0.000   0.000   0.000   0.000   0.000   0.000   0.000     4.0   0.000   0.000   0.000   0.000   0.000    10.0 4W ASST 100 HP DIESEL    
 75   4W135DS  POWE   54791   60270     640   12000     101     0.3    0.00   0.003   2.000   0.100   0.420   0.680   0.920   0.000   0.000   0.000   0.000   0.000   0.000   0.000   0.000   0.000     4.0   0.000   0.000   0.000   0.000   0.000    10.0 4W ASST 135 HP DIESEL    
 81   4W175DS  POWE   81881   90069     660   12000     130     0.3    0.00   0.003   2.000   0.100   0.420   0.680   0.920   0.000   0.000   0.000   0.000   0.000   0.000   0.000   0.000   0.000     4.0   0.000   0.000   0.000   0.000   0.000    10.0 4W ASST 175 HP DIESEL    
 84   4W205DS  POWE  100515  110567     685   12000     153     0.3    0.00   0.003   2.000   0.100   0.420   0.680   0.920   0.000   0.000   0.000   0.000   0.000   0.000   0.000   0.000   0.000     4.0   0.000   0.000   0.000   0.000   0.000    10.0 4W ASST 205 HP DIESEL    
 87   4W225DS  POWE  112969  124266     800   12000     168     0.3    0.00   0.003   2.000   0.100   0.420   0.680   0.920   0.000   0.000   0.000   0.000   0.000   0.000   0.000   0.000   0.000     4.0   0.000   0.000   0.000   0.000   0.000    10.0 4W ASST 225 HP DIESEL    
 90   4W290DS  POWE  143107  157418     999   12000     216     0.3    0.00   0.003   2.000   0.100   0.420   0.680   0.920   0.000   0.000   0.000   0.000   0.000   0.000   0.000   0.000   0.000     4.0   0.000   0.000   0.000   0.000   0.000    10.0 4W ASST 290 HP DIESEL    
 92   PSTAPP   SELF   25027   27529     100    2500       0     9.1    8.10   0.200   1.600   0.100   0.000   0.600   0.885   0.800   0.000   0.000   0.000   0.000   0.000   0.000   0.000   0.000     7.0   0.950   0.000   0.000   0.000   0.000    10.0 AERIAL CHEM APPLICATION  
 93   CRAW40DS POWE   15908   17499     320   12000      30     0.3    0.00   0.003   2.000   0.100   0.420   0.680   0.920   0.000   0.000   0.050   5.000   0.000   0.000   0.000   0.000   0.000     4.0   0.000   0.000   0.000   0.000   0.000    10.0 CRAWLER  40 HP DIESEL    
 96   CRAW55DS POWE   18650   20515     340   12000      41     0.3    0.00   0.003   2.000   0.100   0.420   0.680   0.920   0.000   0.000   0.000   0.000   0.000   0.000   0.000   0.000   0.000     4.0   0.000   0.000   0.000   0.000   0.000    10.0 CRAWLER  55 HP DIESEL    
 99   CRAW85DS POWE   29862   32848     550   12000      63     0.3    0.00   0.003   2.000   0.100   0.420   0.680   0.920   0.000   0.000   0.000   0.000   0.000   0.000   0.000   0.000   0.000     4.0   0.000   0.000   0.000   0.000   0.000    10.0 CRAWLER  85 HP DIESEL    
 102  CRW100DS POWE   38492   42342     525   12000      75     0.3    0.00   0.003   2.000   0.100   0.420   0.680   0.920   0.000   0.000   0.000   0.000   0.000   0.000   0.000   0.000   0.000     4.0   0.000   0.000   0.000   0.000   0.000    10.0 CRAWLER 100 HP DIESEL    
 105  CRW135DS POWE   54791   60270     640   12000     101     0.3    0.00   0.003   2.000   0.100   0.420   0.680   0.920   0.000   0.000   0.000   0.000   0.000   0.000   0.000   0.000   0.000     4.0   0.000   0.000   0.000   0.000   0.000    10.0 CRAWLER 135 HP DIESEL    
 108  CRW160DS POWE   69716   76687     660   12000     119     0.3    0.00   0.003   2.000   0.100   0.420   0.680   0.920   0.000   0.000   0.000   0.000   0.000   0.000   0.000   0.000   0.000     4.0   0.000   0.000   0.000   0.000   0.000    10.0 CRAWLER 160 HP DIESEL    
 111  CRW175DS POWE   81881   90069     660   12000     130     0.3    0.00   0.003   2.000   0.100   0.420   0.680   0.920   0.000   0.000   0.000   0.000   0.000   0.000   0.000   0.000   0.000     4.0   0.000   0.000   0.000   0.000   0.000    10.0 CRAWLER 175 HP DIESEL    
 112  CRW205DS POWE  100515  110567     685   12000     153     0.3    0.00   0.003   2.000   0.100   0.420   0.680   0.920   0.000   0.000   0.000   0.000   0.000   0.000   0.000   0.000   0.000     4.0   0.000   0.000   0.000   0.000   0.000    10.0 CRAWLER 205 HP DIESEL    
 115  CRW225DS POWE  112969  124266     800   12000     168     0.3    0.00   0.003   2.000   0.100   0.420   0.680   0.920   0.000   0.000   0.000   0.000   0.000   0.000   0.000   0.000   0.000     4.0   0.000   0.000   0.000   0.000   0.000    10.0 CRAWLER 225 HP DIESEL    
 120  CRW290DS POWE  143107  157418     999   12000     216     0.3    0.00   0.003   2.000   0.100   0.420   0.680   0.920   0.000   0.000   0.000   0.000   0.000   0.000   0.000   0.000   0.000     4.0   0.000   0.000   0.000   0.000   0.000    10.0 CRAWLER 290 HP DIESEL    
 121  DRLLNT24 NON    44130   48543     100    2000       0     7.3    6.44   0.320   2.100   0.000   0.000   0.600   0.885   0.650   0.000   0.200  10.000  40.000  25.000   0.170   0.000   0.000     6.0   0.000   0.000   0.000   0.000   0.000    10.0 DRILL NO-TILL 24 FT      
 123  PLBEET8R NON     1155    1270      26     390       0     1.4    6.44   0.320   2.100   0.000   0.000   0.680   0.920   0.650   0.000   0.200  10.000  40.000  25.000   0.170   0.000   0.000     5.0   0.000   0.000   0.000   0.000   0.000    10.0 BEET PLANTER 8 ROW       
 124  PLPOTATO NON    24577   27035      50    1200       0     5.5    5.63   0.320   2.100   0.100   0.000   0.600   0.885   0.750   0.000   0.200  10.000 100.000  25.000   0.170   0.000   0.000     5.0   0.000   0.000   0.000   0.000   0.000    10.0 POTATO PLANTER           
 126  PLTRAN4R NON     1400    1540     200    2000       0     3.7    3.22   0.320   2.100   0.100   0.000   0.600   0.885   0.700   0.000   0.300  10.000 100.000  25.000   0.910   0.000   0.000     5.0   0.000   0.000   0.000   0.000   0.000    10.0 TRANSPLANTER 4-ROW 12FT  
 132  DRPLDG14 NON    15808   17389      65    1200       0     4.3    4.02   0.320   2.100   0.100   0.000   0.600   0.885   0.700   0.000   0.100  10.000  40.000  25.000   0.170   0.000   0.000     6.0   0.000   0.000   0.000   0.000   0.000    10.0 DRILL                    
 136  PLRG12RW NON    25175   27692      55    1200       0     6.1    8.85   0.320   2.100   0.100   0.000   0.600   0.885   0.650   0.000   0.100  10.000  40.000  75.000   0.500   0.000   0.000     5.0   0.000   0.000   0.000   0.000   0.000    10.0 PLANTER REGULAR 12 ROW   
 139  PLNTL6RW NON    19556   21512     115    1200       0     5.2    4.99   0.320   2.100   0.100   0.000   0.600   0.885   0.700   0.000   0.020  10.000  60.000  10.000   0.860   0.000   0.000     5.0   0.000   0.000   0.000   0.000   0.000    10.0 PLANTER NO-TILL 6 ROW    
 143  PLRDT6RW NON    19556   21512     115    1200       0     6.0    4.99   0.320   2.100   0.100   0.000   0.600   0.885   0.700   0.000   0.050  10.000  40.000  75.000   1.000   0.000   0.000     5.0   0.000   0.000   0.000   0.000   0.000    10.0 PLANTER RIDGE TILL 6 ROW 
 144  AERLSEED NON    13557   14913      30    1200       0     6.1    4.83   0.320   2.100   0.100   0.000   0.600   0.885   0.800   0.000   0.000   0.000  40.000  25.000   0.170   0.000   0.000     6.0   0.000   0.000   0.000   0.000   0.000    10.0 AERIAL SEEDING           
 146  BRDCSEED NON     8047    8852      60    1200       0     6.1    7.88   0.320   2.100   0.100   0.000   0.600   0.885   0.750   0.000   0.000   0.000  60.000  10.000   0.860   0.000   0.000     6.0   0.000   0.000   0.000   0.000   0.000    10.0 BROADCAST SEEDER         
 157  ROWCGE15 NON     7272    7999     100    2000       0     6.1    5.63   0.170   2.200   0.100   0.000   0.600   0.885   0.800   0.000   0.250  15.000  25.000 100.000   1.000   0.000   0.000     0.0   0.000   0.000   0.000   0.000   0.000    10.0 ROW CULTIVATOR GE15FT    
 160  FLDCLT36 NON    16405   18045     150    2500       0    11.0    8.05   0.270   1.400   0.100   0.000   0.600   0.885   0.750   0.000   0.300  20.000 100.000  25.000   0.300   0.000   0.000     0.0   0.000   0.000   0.000   0.000   0.000    10.0 FIELD CULTIVATOR 36FT    
 162  HRW10BAR NON     5757    6332     150    2500       0    11.0    6.44   0.270   1.400   0.100   0.000   0.600   0.885   0.750   0.000   0.200  13.000  25.000   0.000   0.000   0.000   0.000     0.0   0.000   0.000   0.000   0.000   0.000    10.0 HARROW 10 BAR TINE 36 FT 
 165  CULPKPUL NON     5904    6494     100    2000       0     4.3    9.65   0.160   1.700   0.100   0.000   0.600   0.885   0.850   0.000   0.350   5.000  40.000  25.000   1.780   0.000   0.000     0.0   0.000   0.000   0.000   0.000   0.000    10.0 CULTI-PACKER PULVERIZER  
 166  LANDLEVL NON     7096    7806      50    2500       0     2.1    7.24   0.180   1.700   0.100   0.000   0.600   0.885   0.800   0.000   0.500  18.000  75.000   0.000   0.000   0.000   0.000     0.0   0.000   0.000   0.000   0.000   0.000    10.0 LAND PLANE-LEVELER       
 172  LISTRMID NON     7824    8606     100    2500       0     4.3    7.24   0.290   1.800   0.100   0.000   0.600   0.885   0.800   0.000   0.800  25.000  40.000  75.000   1.000   0.000   0.000     0.0   0.000   0.000   0.000   0.000   0.000    10.0 LISTER (MIDDLE-BUSTER)   
 177  SANDFIGT NON      848     932      50    2000       0     4.3   11.26   0.230   1.400   0.100   0.000   0.600   0.885   0.800   0.000   0.200  10.000 100.000   0.000   0.000   0.000   0.000     0.0   0.000   0.000   0.000   0.000   0.000    10.0 SAND-FIGHTER             
 178  SEEDROLL NON     7062    7768     100    2000       0     4.3    7.24   0.160   1.300   0.100   0.000   0.600   0.885   0.800   0.000   0.000   0.000 100.000   0.000   0.000   0.000   0.000     0.0   0.000   0.000   0.000   0.000   0.000    10.0 SEEDBED ROLLER           
 185  FLEXGE20 NON     3190    3509      40    2500       0     6.4    8.05   0.270   1.400   0.100   0.000   0.600   0.885   0.850   0.000   0.200  13.000  25.000   0.000   0.000   0.000   0.000     0.0   0.000   0.000   0.000   0.000   0.000    10.0 FLEX-TINE HARROW CL GE20F
 188  SPIKGT25 NON     2317    2548      40    2000       0     7.9    8.05   0.270   1.400   0.100   0.000   0.600   0.885   0.850   0.000   0.250  13.000  25.000   0.000   0.000   0.000   0.000     0.0   0.000   0.000   0.000   0.000   0.000    10.0 SPIKE TOOTH HARROW GT25FT
 190  SPTHGE15 NON     4197    4617     100    2000       0     4.9    8.05   0.270   1.400   0.100   0.000   0.600   0.885   0.850   0.000   0.350  13.000  25.000   0.000   0.000   0.000   0.000     0.0   0.000   0.000   0.000   0.000   0.000    10.0 SPRINGTOOTH HARROW GE15FT
 196  ROTHOE   NON     3970    4367      40    2000       0     4.3   11.26   0.230   1.400   0.100   0.000   0.600   0.885   0.800   0.000   0.100  13.000   5.000   0.000   0.000   0.000   0.000     0.0   0.000   0.000   0.000   0.000   0.000    10.0 ROTARY HOE               
 199  ROTOTILL NON    14406   15846     100    2500       0     4.3    6.44   0.360   2.000   0.100   0.000   0.600   0.885   0.800   0.000   0.800  13.000   5.000   0.000   0.000   0.000   0.000     0.0   0.000   0.000   0.000   0.000   0.000    10.0 ROTO-TILLER              
 207  BEETPULL NON    16155   17771     100    1500       0     3.0    3.20   0.280   1.400   0.000   0.000   0.800   0.960   0.650   0.000   0.500  20.000 150.000   0.000   0.000   0.000   0.000     2.0   0.950   0.500   0.000   0.000   0.000    10.0 BEET PULLER              
 211  CHPLLE15 NON    13000   14300     100    2000       0     4.3    7.24   0.280   1.400   0.100   0.000   0.600   0.885   0.850   0.000   0.600  20.000 150.000  50.000   0.300   0.000   0.000     0.0   0.000   0.000   0.000   0.000   0.000    10.0 CHISEL PLOW LE15FT       
 212  CCHPLOW  NON     7584    8342     100    2500       0     5.5    8.05   0.280   1.400   0.100   0.000   0.600   0.885   0.800   0.000   0.400  20.000 150.000  50.000   0.300   0.000   0.000     0.0   0.000   0.000   0.000   0.000   0.000    10.0 COULTER-CHISEL PLOW      
 213  DKPLGE23 NON    26200   28820     100    2000       0     7.3    7.24   0.180   1.700   0.100   0.000   0.600   0.885   0.800   0.000   0.850  50.000 100.000   0.000   0.000   0.000   0.000     0.0   0.000   0.000   0.000   0.000   0.000    10.0 DISK PLOW GE23FT         
 215  MLBDR4-6 NON     8304    9134     100    2000       0     2.0    7.24   0.290   1.800   0.100   0.000   0.600   0.885   0.800   0.000   0.990  30.000 150.000   0.000   0.000   0.000   0.000     0.0   0.000   0.000   0.000   0.000   0.000    10.0 MOLDBOARD PLOW REG 4-6B  
 218  MLBD24-6 NON    14964   16461     100    2000       0     2.0    7.24   0.290   1.800   0.100   0.000   0.600   0.885   0.800   0.000   0.950  30.000 150.000   0.000   0.000   0.000   0.000     0.0   0.000   0.000   0.000   0.000   0.000    10.0 MOLDBOARD PLOW 2-WAY 4-6B
 223  SUBCHPLW NON    10724   11796     100    2000       0     5.5    6.44   0.280   1.400   0.100   0.000   0.600   0.885   0.800   0.000   0.450  15.000 350.000   0.000   0.000   0.000   0.000     0.0   0.000   0.000   0.000   0.000   0.000    10.0 SUBSOIL CHISEL PLOW      
 227  RICEROLL NON     7233    7956      58    1750       0     1.8    4.83   0.160   1.300   0.100   0.000   0.600   0.885   0.700   0.000   0.000   0.000  50.000   0.000   0.000   0.000   0.000     0.0   0.000   0.000   0.000   0.000   0.000    10.0 RICE ROLLER              
 230  RIPRSUBS NON    10525   11578     100    2000       0     5.5    6.44   0.280   1.400   0.100   0.000   0.600   0.885   0.800   0.000   0.250  15.000 350.000   0.000   0.000   0.000   0.000     0.0   0.000   0.000   0.000   0.000   0.000    10.0 DEEP RIPPER- SUBSOILER   
 238  DSKBRMKR NON    21009   23110      50    2500       0     2.1    7.24   0.180   1.700   0.100   0.000   0.600   0.885   0.800   0.000   0.550  20.000 150.000  50.000   0.300   0.000   0.000     0.0   0.000   0.000   0.000   0.000   0.000    10.0 DISK BORDER MAKER        
 240  OFFDGE19 NON    34677   38145     100    2000       0     5.8    7.24   0.180   1.700   0.100   0.000   0.600   0.885   0.800   0.000   0.700  50.000 100.000   0.000   0.000   0.000   0.000     0.0   0.000   0.000   0.000   0.000   0.000    10.0 OFFSET DIS/HEAVDUTY GE19F
 247  TANPGE19 NON    29713   32685     100    2000       0     5.8    7.24   0.180   1.700   0.100   0.000   0.600   0.885   0.800   0.000   0.550  18.000  75.000   0.000   0.000   0.000   0.000     0.0   0.000   0.000   0.000   0.000   0.000    10.0 TANDEM DISK PLW GE19FT   
 250  TANRGE19 NON    17821   19603     100    2000       0     5.8    6.44   0.180   1.700   0.100   0.000   0.600   0.885   0.800   0.000   0.750  50.000 100.000   0.000   0.000   0.000   0.000     0.0   0.000   0.000   0.000   0.000   0.000    10.0 TANDEM DISK REG GE19FT   
 254  MANURSCP NON                                                                                                                                                                                     21.0   0.999                           0.000    10.0 MANURE SCRAPER           
 255  BLADE 10 NON      291     320     250    2500       0     3.0    6.44   0.290   1.800   0.100   0.000   0.600   0.885   0.800   0.000   0.250  13.000  75.000   0.000   0.000   0.000   0.000     0.0   0.000   0.000   0.000   0.000   0.000    10.0 BLADE 10 FT              
 256  FURWDIKE NON    19196   21116      50    2500       0     2.1    7.24   0.170   2.200   0.100   0.000   0.600   0.885   0.800   0.000   0.300  13.000 100.000 150.000   1.000 150.000   1.000    17.0   0.000   0.000   0.000   0.000   0.000    10.0 FURROW DIKER             
 258  AERIALFT SELF   78942   86837      50    2000       0     9.1    6.44   0.630   1.300   0.100   0.000   0.560   0.885   0.670   0.000   0.000   0.000   0.000   0.000   0.000   0.000   0.000     9.0   0.000   0.000   0.000   0.000   0.000    10.0 AERIAL FERT APPLICATION  
 259  ANHYTRAC NON     5594    6154      50    1200       0     9.1    6.44   0.630   1.300   0.100   0.000   0.600   0.885   0.650   0.000   0.300  13.000  75.000  25.000   0.300   0.000   0.000     9.0   0.000   0.000   0.000   0.000   0.000    10.0 ANHYD FERT APP TRACTOR MT
 260  ANHYTRLR NON    12047   13252      50    1200       0     9.1    6.44   0.630   1.300   0.100   0.000   0.600   0.885   0.650   0.000   0.300  13.000  75.000  25.000   0.300   0.000   0.000     9.0   0.000   0.000   0.000   0.000   0.000    10.0 ANHYD FERT APP TRAILER MT
 261  DRYFTRLR NON     1483    1631      50    1200       0     9.1    7.24   0.630   1.300   0.100   0.000   0.600   0.885   0.700   0.000   0.000   0.000   0.000   0.000   0.000   0.000   0.000     9.0   0.000   0.000   0.000   0.000   0.000    10.0 DRY FERT SPRDR TRAILER MT
 265  LQDFTRLR NON     6829    7512      80    1500       0     9.1   10.46   0.630   1.300   0.100   0.000   0.600   0.885   0.650   0.000   0.000   0.000   0.000   0.000   0.000   0.000   0.000     9.0   0.000   0.000   0.000   0.000   0.000    10.0 LQUD FERT APPL TRAILER MT
 266  MANSPDER NON     5665    6232     100    2000       0     6.1    6.44   0.630   1.300   0.100   0.000   0.600   0.885   0.650   0.000   0.000   0.000  25.000   0.000   0.000   0.000   0.000     9.0   0.000   0.000   0.000   0.000   0.000    10.0 MANURE SPREADER          
 267  SPFTSPDR SELF   62569   68826      50    2000      75     9.1   10.46   0.630   1.300   0.100   0.000   0.560   0.885   0.650   0.000   0.000   0.000   0.000   0.000   0.000   0.000   0.000     9.0   0.000   0.000   0.000   0.000   0.000    10.0 SELF-PROP FERT SPREADER  
 268  ANIMAL   SELF                                                                                                                                                                                     9.0   0.000   0.000                   0.000    10.0 ANIMAL MANURE DUMP       
 271  FERTRENT CUST      50       0     800   24000       0    11.0    4.83   0.630   1.300   0.000   0.000   0.600   0.858   0.500   0.000   0.300  13.000  75.000  25.000   0.300   0.000   0.000     9.0   0.000   0.000   0.000   0.000   0.000    10.0 FERT APPL SHANK 36FT RENT
 272  AERIALCH SELF   25027   27529     100    2500       0     9.1    8.10   0.200   1.600   0.100   0.000   0.600   0.885   0.800   0.000   0.000   0.000   0.000   0.000   0.000   0.000   0.000     7.0   0.950   0.000   0.000   0.000   0.000    10.0 AERIAL CHEM APPLICATION  
 273  CHEMIMPL NON     2284    2512      50    1200       0     3.0    7.24   0.410   1.300   0.100   0.000   0.600   0.885   0.700   0.000   0.000   0.000   0.000   0.000   0.000   0.000   0.000     7.0   0.950   0.000   0.000   0.000   0.000    10.0 CHEM APPL ATT TO IMPL    
 274  CHEMLGSP SELF   30899   33989      50    2000      75     9.1   10.46   0.410   1.300   0.100   0.420   0.560   0.885   0.650   0.000   0.000   0.000   0.000   0.000   0.000   0.000   0.000     7.0   0.950   0.000   0.000   0.000   0.000    10.0 CHEM APPL LG SELF-PROP   
 277  CGE30TLR NON     6700    7370      80    1500       0    11.0    7.24   0.410   1.300   0.100   0.000   0.600   0.885   0.650   0.000   0.000   0.000   0.000   0.000   0.000   0.000   0.000     7.0   0.950   0.000   0.000   0.000   0.000    10.0 CHEM APPL GE30FT TRLR MTD
 283  CHEMRENT CUST      24       0     128       1       0    18.3    6.44   0.410   1.300   0.000   0.000   0.000   0.000   0.750   0.000   0.000   0.000   0.000   0.000   0.000   0.000   0.000     7.0   0.950   0.000   0.000   0.000   0.000    10.0 CHEM APPL (RENTED) 60 FT 
 292  CSP2WD   SELF  164865  181352      85    2000     119     4.9    5.00   0.040   2.100   0.100   0.420   0.640   0.885   0.700   0.000   0.000   0.000 -10000.   0.000   0.000   0.000   0.000     2.0   0.950   0.000   0.000   0.000   0.000    10.0 COMBINE SELF-PROP 2WD    
 293  CSP4WD   SELF  147841  162625     205    2000     119     5.5    5.31   0.040   2.100   0.100   0.420   0.640   0.885   0.700   0.000   0.000   0.000 -50.000   0.000   0.000   0.000   0.000     2.0   0.950   0.000   0.000   0.000   0.000    10.0 COMBINE SELF-PROP 4WD    
 294  CSPTRACK SELF  179346  197281     400    3500     119     5.5    1.61   0.040   2.100   0.100   0.420   0.640   0.885   0.700   0.000   0.000   0.000 -50.000   0.000   0.000   0.000   0.000     2.0   0.950   0.000   0.000   0.000   0.000    10.0 COMBINE SELF-PROP TRACK  
 295  CORNPICK SELF   14827   16310      55    2000     149     1.5    5.95   0.140   2.300   0.100   0.000   0.600   0.885   0.700   0.000   0.000   0.000 -50.000   0.000   0.000   0.000   0.000     2.0   0.950   0.000   0.000   0.000   0.000    10.0 CORN PICKER              
 296  CTTNPICK NON     7634    8398      50    2000       0     4.9    4.83   0.110   1.800   0.100   0.000   0.600   0.885   0.800   0.000   0.000   0.000 -50.000   0.000   0.000   0.000   0.000     2.0   0.950   0.000   0.000   0.000   0.000    10.0 COTTON PICKER (MTD)      
 297  CTTNPKSP SELF  222000  244200     260    2500     149     1.5    4.18   0.110   1.800   0.100   0.420   0.640   0.885   0.700   0.000   0.000   0.000 -50.000   0.000   0.000   0.000   0.000     2.0   0.950   0.000   0.000   0.000   0.000    10.0 COTTON PICKER SELF-PROP  
 298  CTMODULE NON    13000   14300     550   20000       0     4.9    1.61   0.100   1.800   0.100   0.000   0.640   0.885   0.800   0.000   0.000   0.000   0.000   0.000   0.000   0.000   0.000     0.0   0.000   0.000   0.000   0.000   0.000    10.0 COTTON MODULE BUILDER    
 299  CTTNROOD NON     7634    8398     210    2500       0     4.9    6.44   0.110   1.800   0.100   0.000   0.600   0.885   0.800   0.000   0.000   0.000   0.000   0.000   0.000   0.000   0.000     0.0   0.000   0.000   0.000   0.000   0.000    10.0 COTTON ROOD MACHINE      
 300  CTTNSTPR NON     7634    8398     120    2500       0     4.9    7.24   0.110   1.800   0.100   0.000   0.600   0.885   0.800   0.000   0.000   0.000 -50.000   0.000   0.000   0.000   0.000     2.0   0.950   0.000   0.000   0.000   0.000    10.0 COTTON STRIPPER (MTD)    
 302  CTTNSTSP SELF  101935  112129     145    2000     149     4.9    6.92   0.110   1.800   0.100   0.420   0.640   0.885   0.750   0.000   0.000   0.000 -50.000   0.000   0.000   0.000   0.000     2.0   0.950   0.000   0.000   0.000   0.000    10.0 COTTON STRIPPER SELF-PROP
 303  CTTNTRLR NON     2000    2200      20     525       0     4.9   19.31   0.190   1.300   0.100   0.000   0.600   0.885   0.509   0.000   0.000   0.000   0.000   0.000   0.000   0.000   0.000    12.0   0.000   0.000   0.000   0.000   0.000    10.0 COTTON TRAILER           
 304  PNUTDIGS NON     8649    9514      50    2000       0     4.9    4.02   0.590   1.300   0.100   0.000   0.600   0.885   0.800   0.000   0.500  20.000 180.000   0.000   0.000   0.000   0.000     0.0   0.000   0.000   0.000   0.000   0.000    10.0 PEANUT DIGGER-SHAKER     
 305  PNUTCOMB NON    81923   90115      60    2000       0     4.9    3.20   0.120   2.300   0.100   0.000   0.640   0.885   0.550   0.000   0.000   0.000 100.000   0.000   0.000   0.000   0.000     2.0   0.950   0.400   0.000   0.000   0.000    10.0 PEANUT COMBINE (PTO)     
 306  PNUTRESK NON     5717    6288      40    1200       0     4.9    4.02   0.060   2.000   0.100   0.000   0.600   0.885   0.800   0.000   0.000   0.000 180.000   0.000   0.000   0.000   0.000     0.0   0.000   0.000   0.000   0.000   0.000    10.0 PEANUT RESHAKER-COND     
 307  PNUTSHKI NON    16320   17952      70    1200       0     4.9    4.02   0.060   2.000   0.100   0.000   0.600   0.885   0.800   0.000   0.000   0.000 180.000   0.000   0.000   0.000   0.000     0.0   0.000   0.000   0.000   0.000   0.000    10.0 PEANUT SHAKER-INVERTER   
 308  PNUTVINC NON     7329    8062      50    1200       0     4.9    1.61   0.460   1.700   0.100   0.000   0.600   0.885   0.800   0.000   0.000   0.000 180.000   0.000   0.000   0.000   0.000     0.0   0.000   0.000   0.000   0.000   0.000    10.0 PEANUT VINE CUTTER       
 309  PNUTWAGN NON    63208   69528     100    2000       0     4.9   16.09   0.190   1.300   0.100   0.000   0.600   0.885   0.825   0.000   0.000   0.000   0.000   0.000   0.000   0.000   0.000    12.0   0.000   0.000   0.000   0.000   0.000    10.0 PEANUT WAGON             
 310  SILAGEHV NON    28970   31867     100    2500       0     1.5    4.51   0.150   1.600   0.100   0.000   0.560   0.885   0.600   0.000   0.000   0.000 -50.000   0.000   0.000   0.000   0.000     2.0   0.950   0.900   0.000   0.000   0.000    10.0 SILAGE HARVESTER         
 313  BALERMTD NON    13198   14518     100    2500       0     3.7    6.40   0.230   1.800   0.100   0.000   0.600   0.885   0.800   0.000   0.000   0.000 -25.000   0.000   0.000   0.000   0.000     2.0   0.800   0.800   0.000   0.000   0.000    10.0 BALER                    
 314  BALEPTOL NON    16300   17930     100    2000       0     3.7   16.10   0.100   1.800   0.100   0.000   0.560   0.885   0.825   0.000   0.000   0.000   0.000   0.000   0.000   0.000   0.000     2.0   0.999   0.999   0.000   0.000   0.000    10.0 BALER                    
 315  BALEPTOS NON    17600   19360     100    2000       0     3.7   16.10   0.230   1.800   0.100   0.000   0.560   0.885   0.825   0.000   0.000   0.000 -25.000   0.000   0.000   0.000   0.000     2.0   0.999   0.999   0.000   0.000   0.000    10.0 BALER                    
 316  BALERSP  SELF   16300   17930     100    2500     149     3.7    4.80   0.100   1.800   0.100   0.000   0.600   0.885   0.800   0.000   0.000   0.000 -25.000   0.000   0.000   0.000   0.000     2.0   0.950   0.900   0.000   0.000   0.000    10.0 BALER                    
 317  MOWERPTO NON    13810   15191     100    2500       0     2.7    9.65   0.180   1.600   0.100   0.000   0.600   0.885   0.800   0.000   0.000   0.000 -50.000   0.000   0.000   0.000   0.000     0.0   0.000   0.000   0.000   0.000   0.000    10.0 MOWER COND               
 318  MOWERCSP SELF   21500   23650     100    2500      75     2.7    7.24   0.180   1.600   0.100   0.530   0.600   0.885   0.800   0.000   0.000   0.000 -50.000   0.000   0.000   0.000   0.000     0.0   0.000   0.000   0.000   0.000   0.000    10.0 MOWER COND               
 319  MOWERDRD NON    13700   15070     100    2500       0     2.1    7.24   0.160   2.000   0.100   0.000   0.600   0.885   0.800   0.000   0.000   0.000 -50.000   0.000   0.000   0.000   0.000     0.0   0.000   0.000   0.000   0.000   0.000    10.0 MOWER                    
 320  MOWLAWN  SELF   13810   15191     100    2500       0     2.7    9.65   0.180   1.600   0.100   0.000   0.600   0.885   0.800   0.000   0.000   0.000 -50.000   0.000   0.000   0.000   0.000     0.0   0.900   0.300   0.000   0.000   0.000    10.0 MOWER LAWN               
 321  MOWERSCK NON     3306    3636     100    2000       0     2.1    8.05   0.460   1.700   0.100   0.000   0.600   0.885   0.800   0.000   0.000   0.000 -50.000   0.000   0.000   0.000   0.000     0.0   0.000   0.000   0.000   0.000   0.000    10.0 MOWER                    
 322  MOWAUTO  SELF   13810   15191     100    2500       0     2.7    9.65   0.180   1.600   0.100   0.000   0.600   0.885   0.800   0.000   0.000   0.000 -50.000   0.000   0.000   0.000   0.000    22.0   0.900   0.300   0.000   0.000   0.000    10.0 MOWER AUTO LAWN          
 323  RAKESIDE NON     4807    5287     100    2000       0     3.0    7.24   0.170   1.400   0.100   0.000   0.600   0.885   0.800   0.000   0.000   0.000 -50.000   0.000   0.000   0.000   0.000     0.0   0.000   0.000   0.000   0.000   0.000    10.0 RAKE                     
 324  RAKEWHEL NON     5410    5951     100    2500       0     3.0    6.44   0.170   1.400   0.100   0.000   0.600   0.885   0.800   0.000   0.000   0.000 -50.000   0.000   0.000   0.000   0.000     0.0   0.000   0.000   0.000   0.000   0.000    10.0 RAKE                     
 326  WSWTHPTO NON    18461   20307      34    2000       0     4.3    3.22   0.060   2.000   0.100   0.000   0.600   0.885   0.700   0.000   0.000   0.000   0.000   0.000   0.000   0.000   0.000     0.0   0.000   0.000   0.000   0.000   0.000    10.0 WINDROWER-SWATHER        
 327  WSWTHSP  SELF    1399    1539      45    2000      63     4.3    8.37   0.060   2.000   0.100   0.420   0.600   0.885   0.700   0.000   0.000   0.000   0.000   0.000   0.000   0.000   0.000     0.0   0.000   0.000   0.000   0.000   0.000    10.0 WINDROWER-SWTH SELF-PROP 
 328  BALELOAD NON    63200   69520     100    2000       0     0.3   16.10   0.430   1.800   0.100   0.000   0.600   0.885   0.825   0.000   0.000   0.000   0.000   0.000   0.000   0.000   0.000    12.0   0.000   0.000   0.000   0.000   0.000    10.0 BALE LOADER              
 329  SHREDGT8 NON     3535    3889     100    2000       0     2.7    6.44   0.440   2.000   0.100   0.000   0.600   0.885   0.800   0.000   0.000   0.000 -75.000   0.000   0.000   0.000   0.000     0.0   0.000   0.000   0.000   0.000   0.000    10.0 SHREDDER                 
 331  SHRDRGT8 NON     4768    5245     100    2000       0     2.7    5.63   0.440   2.000   0.100   0.000   0.600   0.885   0.800   0.000   0.000   0.000 -75.000   0.000   0.000   0.000   0.000     0.0   0.000   0.000   0.000   0.000   0.000    10.0 SHREDDER                 
 333  STACKMOV NON     4243    4667     100    2000       0     2.7    4.83   0.160   1.600   0.100   0.000   0.600   0.885   0.800   0.000   0.000   0.000 -50.000   0.000   0.000   0.000   0.000     0.0   0.000   0.000   0.000   0.000   0.000    10.0 STACK MOVER              
 334  STACKAUT SELF    2690    2959     100    2500     149     0.3    5.63   0.160   1.600   0.100   0.000   0.600   0.885   0.800   0.000   0.000   0.000 -50.000   0.000   0.000   0.000   0.000     0.0   0.000   0.000   0.000   0.000   0.000    10.0 STACKER AUTOMATIC        
 336  BEETHARV SELF    9558   10514     100    1500       4     3.0    3.22   0.590   1.300   0.000   0.000   0.680   0.900   0.650   0.000   0.000   0.000 100.000   0.000   0.000   0.000   0.000     2.0   0.950   0.500   0.000   0.000   0.000    10.0 BEET HARVESTER           
 338  BEETTOPP SELF    2573    2830      50    1000       9     3.0    6.44   0.280   1.400   0.000   0.000   1.500   0.920   0.650   0.000   0.000   0.000 -25.000   0.000   0.000   0.000   0.000     0.0   0.000   0.000   0.000   0.000   0.000    10.0 BEET TOPPER 12 HP        
 339  RICECOMB SELF   43457   47802     270    1890       0     3.7    5.63   0.040   2.100   0.100   0.000   0.600   0.885   0.700   0.000   0.000   0.000 -50.000   0.000   0.000   0.000   0.000     2.0   0.950   0.000   0.000   0.000   0.000    10.0 RICE COMBINE             
 340  PIPE WGN NON      862     948      40     800       0    12.2    8.05   0.190   1.300   0.000   0.000   0.800   0.940   0.650   0.000   0.000   0.000   0.000   0.000   0.000   0.000   0.000     0.0   0.000   0.000   0.000   0.000   0.000    10.0 PIPE WAGON               
 341  TRLR20FT NON     6462    7108     200    3000       0     3.0    5.63   0.190   1.300   0.000   0.000   0.600   0.885   0.750   0.000   0.000   0.000   0.000   0.000   0.000   0.000   0.000     0.0   0.000   0.000   0.000   0.000   0.000    10.0 UTILITY TRAILER 20 FT    
 343  TRLR40FT NON    63245   69570     100    1500       0     2.4    4.83   0.190   1.300   0.100   0.000   0.600   0.885   0.700   0.000   0.000   0.000   0.000   0.000   0.000   0.000   0.000     0.0   0.000   0.000   0.000   0.000   0.000    10.0 TRAILER 40 FT            
 344  TRCK1/2T SELF   17680   19448     400    4000     130     0.3   48.27   0.007   2.000   0.100   0.530   0.600   0.885   0.800   0.000   0.000   0.000   0.000   0.000   0.000   0.000   0.000     0.0   0.000   0.000   0.000   0.000   0.000    10.0 TRUCK PICKUP  1/2 TON    
 345  TRCK3/4T SELF   18643   20507     210    4000     130     0.3   48.27   0.007   2.000   0.100   0.530   0.600   0.885   0.800   0.000   0.000   0.000   0.000   0.000   0.000   0.000   0.000     0.0   0.000   0.000   0.000   0.000   0.000    10.0 TRUCK PICKUP  3/4 TON    
 346  SEMIDIES SELF  105944  116538     350    4500     224     0.3   72.40   0.007   2.000   0.100   0.420   0.600   0.885   0.800   0.000   0.000   0.000   0.000   0.000   0.000   0.000   0.000    12.0   0.000   0.000   0.000   0.000   0.000    10.0 TRUCK SEMI W TRAILER-DIES
 352  TRCKDI4T SELF   44280   48708     185    4000     149     0.3   40.22   0.007   2.000   0.100   0.420   0.600   0.885   0.800   0.000   0.000   0.000   0.000   0.000   0.000   0.000   0.000    12.0   0.000   0.000   0.000   0.000   0.000    10.0 TRUCK TNDM AXLE-DIES 4TON
 355  CSPHILBG SELF   50200   55220     100    2000       0     6.7    4.83   0.040   2.100   0.100   0.000   0.640   0.885   0.750   0.000   0.000   0.000 -50.000   0.000   0.000   0.000   0.000     2.0   0.950   0.000   0.000   0.000   0.000    10.0 COMBINE SELF-PROP HILLSD 
 356  DSKPLW36 NON    16053   17658     150    2500       0     7.3    7.24   0.180   1.700   0.000   0.000   0.600   0.885   0.750   0.000   0.700  50.000 100.000   0.000   0.000   0.000   0.000     0.0   0.000   0.000   0.000   0.000   0.000    10.0 DISK PLOW GE23FT         
 359  BACKHOE  SELF  139181  153099      50    2000      75     2.1   16.09   0.007   2.000   0.100   0.420   0.600   0.885   0.850   0.000   0.100  13.000   5.000   0.000   0.000   0.000   0.000     0.0   0.000   0.000   0.000   0.000   0.000    10.0 BACKHOE                  
 362  CTTNCHOP NON     7634    8398      50    2500       0     4.9    7.24   0.280   1.400   0.100   0.000   0.600   0.885   0.800   0.000   0.000   0.000 -50.000   0.000   0.000   0.000   0.000     0.0   0.000   0.000   0.000   0.000   0.000    10.0 COTTON CHOPPER           
 365  DTCHVEE  NON    15504   17054     100    2000       0     2.1    4.83   0.290   1.800   0.100   0.000   0.600   0.885   0.800   0.000   0.250   0.130   0.000   0.000   0.000   0.000   0.000     0.0   0.000   0.000   0.000   0.000   0.000    10.0 DITCHER (VEE OR ROTARY)  
 368  FRNTLDR  SELF    8539    9393     100    2500      75     1.8    4.83   0.007   2.000   0.100   0.420   0.600   0.885   0.800   0.000   0.000   0.000   0.000   0.000   0.000   0.000   0.000     0.0   0.000   0.000   0.000   0.000   0.000    10.0 FRONTEND LOADER          
 369  GRWAGON  NON     2342    2576     100    2500       0     2.4   16.09   0.190   1.300   0.100   0.000   0.600   0.885   0.825   0.000   0.000   0.000   0.000   0.000   0.000   0.000   0.000    12.0   0.000   0.000   0.000   0.000   0.000    10.0 GRAIN/HAY WAGON          
 378  ROCKPICK NON     9579   10537     100    2500       0     2.1    4.83   0.290   1.800   0.100   0.000   0.600   0.885   0.700   0.000   0.000   0.000   0.000   0.000   0.000   0.000   0.000     0.0   0.000   0.000   0.000   0.000   0.000    10.0 ROCK PICKER              
 380  RDNTKILL NON     1542    1696      20    1200       0     2.1    1.61   0.320   2.100   0.100   0.000   0.600   0.885   0.800   0.000   0.000   0.000   0.000   0.000   0.000   0.000   0.000     0.0   0.000   0.000   0.000   0.000   0.000    10.0 RODENT KILLER            
 381  BULLDOZR SELF  135101  148612     100   12000     224     3.0    4.83   0.003   2.000   0.100   0.420   0.680   0.920   0.600   0.000   0.000   0.000   0.000   0.000   0.000   0.000   0.000     0.0   0.000   0.000   0.000   0.000   0.000    10.0 D7E BULLDOZER WITH BLADE 
 382  GATEPIPE IRRI    4308    4739     126   73167      15     0.3    5.04   0.190   1.300   0.000   0.000   0.900   0.960   1.000   0.000   0.000   0.000   0.000   0.000   0.000   0.000   0.000     8.0   0.000   0.000   0.000   0.000   0.000    10.0 GATED PIPE               
 383  PLASTIC  NON      364     400     100    1000       0     0.9    1.77   0.190   1.300   0.000   0.000   0.600   0.885   0.600   0.000   0.000   0.000   0.000   0.000   0.000   0.000   0.000     0.0   0.000   0.000   0.000   0.000   0.000    10.0 PLASTIC LAYER 1 ROW      
 389  RODWDR36 NON    14390   15829     150    2500       0    11.0    6.44   0.270   1.400   0.000   0.000   0.600   0.885   0.750   0.000   0.300  20.000 100.000  25.000   0.300   0.000   0.000     0.0   0.000   0.000   0.000   0.000   0.000    10.0 RODWEEDER/10 BAR HAR 36FT
 393  CANEHRV2 SELF  166089  182698     400    6000      82     3.7    8.05   0.190   1.400   0.100   0.420   0.600   0.885   1.000   0.000   0.000   0.000   0.000   0.000   0.000   0.000   0.000     2.0   0.950   0.950   0.000   0.000   0.000    10.0 CANE HARVESTER 2 ROW     
 396  TLOADSUG NON    23621   25983     150     150       0     3.7    4.02   0.190   1.300   0.000   0.000   0.600   0.885   0.600   0.000   0.000   0.000   0.000   0.000   0.000   0.000   0.000     0.0   0.000   0.000   0.000   0.000   0.000    10.0 TRANSLOADER              
 397  BURNUNIT NON     1400    1540      85     510       0     5.5    6.44   0.190   1.300   0.000   0.000   0.600   0.885   1.000   0.000   0.000   0.000  -0.100   0.000   0.000   0.000   0.000    14.0   0.000   0.000   0.000   0.000   0.000    10.0 BURNING UNIT             
 398  CANEWG10 NON     8703    9573     400    3600       0     2.4    2.41   0.190   1.300   0.000   0.000   0.600   0.885   1.000   0.000   0.000   0.000   0.000   0.000   0.000   0.000   0.000    12.0   0.000   0.000   0.000   0.000   0.000    10.0 CANE WAGON 10TON         
 402  POTAHARV NON    35573   39131      50    2500       0     1.8    3.22   0.190   1.400   0.100   0.000   0.600   0.885   0.700   0.000   0.800  20.000 150.000   0.000   0.000   0.000   0.000     2.0   0.950   0.950   0.000   0.000   0.000    10.0 POTATO HARVESTER         
 408  CANELDSP SELF   60916   67008     425    4500       0     1.8    4.83   0.190   1.300   0.100   0.420   0.600   0.885   1.000   0.000   0.000   0.000   0.000   0.000   0.000   0.000   0.000    12.0   0.000   0.000   0.000   0.000   0.000    10.0 SP CANE LOADER           
 410  VEGHARV  NON     2736    3009      50    2000       0     1.2    4.83   0.190   1.400   0.100   0.000   0.600   0.885   0.870   0.000   0.000   0.000 -50.000   0.000   0.000   0.000   0.000     2.0   0.950   0.800   0.000   0.000   0.000    10.0 VEGETABLE HARVESTER      
 417  CANEPLNT NON    31423   34565     160    1440       0     1.8    4.83   0.320   2.100   0.000   0.000   0.600   0.885   1.000   0.000   0.200  10.000   0.000   0.000   0.000   0.000   0.000     5.0   0.000   0.000   0.000   0.000   0.000    10.0 MECH PLANTER SUGARCANE   
 420  RMV-DIKE NON        0       0       0       0       0     0.0    0.00   0.000   0.000   0.000   0.000   0.000   0.000   0.000   0.000   0.700  10.000  40.000 100.000   1.000   0.000   0.000    18.0   0.000   0.000   0.200   0.000   0.000    10.0 REMOVE FURROW DIKE       
 421  BDIKE100 NON        0       0       0       0       0     0.0    0.00   0.000   0.000   0.000   0.000   0.000   0.000   0.000   0.000   0.700  10.000  40.000 100.000   0.250 100.000   0.400    17.0   0.000   0.000   0.200   0.000   0.000    10.0 BUILD FURROW DIKE        
 422  PADDYBD  NON        0       0       0       0       0     0.0    0.00   0.000   0.000   0.000   0.000   0.000   0.000   0.000   0.000   0.050  10.000 100.0001000.000  40.0001000.000 100.000    17.0   0.000   0.000   0.300   0.000   0.000    10.0 BUILD RICE PADDY         
 423  THIN     NON        0       0       0       0       0     0.0    0.00   0.000   0.000   0.000   0.000   0.000   0.000   0.000   0.000   0.000   0.000   0.000   0.000   0.000   0.000   0.000     3.0   0.950   0.500   0.250   0.500   0.000    10.0 REDUCE STAND             
 424  PUDDLE   NON        0       0       0       0       0     0.0    0.00   0.000   0.000   0.000   0.000   0.000   0.000   0.000   0.000   0.500   5.000  75.000   0.000   0.000   0.000   0.000    15.0   0.000   0.000   0.300   0.000   0.000    10.0 PUDDLE RICE PADDY        
 425  XPUDDLE  NON        0       0       0       0       0     0.0    0.00   0.000   0.000   0.000   0.000   0.000   0.000   0.000   0.000   0.500   5.000  75.000   0.000   0.000   0.000   0.000    16.0   0.000   0.000   0.300   0.000   0.000    10.0 DESTROY PUDDLE           
 426  GRAZE    NON        0       0       0       0       0     0.0    0.00   0.000   0.000   0.000   0.000   0.000   0.000   0.000   0.000   0.050   1.000 -50.000   0.000   0.000   0.000   0.000    19.0   0.500  15.000   0.050   0.000   0.000    10.0 INITIATE GRAZING         
 427  STOP GRZ NON        0       0       0       0       0     0.0    0.00   0.000   0.000   0.000   0.000   0.000   0.000   0.000   0.000   0.000   0.000   0.000   0.000   0.000   0.000   0.000    20.0   0.000   0.000   0.000   0.000   0.000    10.0 STOP GRAZING             
 428  STOP DRN NON        0       0       0       0       0     0.0    0.00   0.000   0.000   0.000   0.000   0.000   0.000   0.000   0.000   0.000   0.000   0.000   0.000   0.000   0.000   0.000    25.0   0.000   0.000   0.000   0.000   0.000    10.0 STOP DRAINAGE SYSTEM     
 429  OPEN DRN NON        0       0       0       0       0     0.0    0.00   0.000   0.000   0.000   0.000   0.000   0.000   0.000   0.000   0.000   0.000   0.000   0.000   0.000   0.000   0.000    26.0   0.000   0.000   0.000   0.000   0.000    10.0 OPEN DRAINAGE SYSTEM     
 451  KILL     NON        0       0       0       0       0     0.0    0.00   0.000   0.000   0.000   0.000   0.000   0.000   0.000   0.000   0.000   0.000   0.000   0.000   0.000   0.000   0.000     1.0   0.000   0.000   0.000   0.000   0.000    10.0 KILL                     
 457  CLEARCUT NON    28970   31867     100    2500       0     1.5    4.51   0.150   1.600   0.100   0.000   0.560   0.885   0.600   0.000   0.000   0.000-200.000   0.000   0.000   0.000   0.000     2.0   0.950   0.900   0.000   0.000   0.000    10.0 CLEARCUT                 
 500  CNTR PVT IRRI   58589   64448     840   15000       7     3.0    3.22   0.012   1.300   0.044   0.000   0.680   0.920   0.950   0.000   0.000   0.000   0.000   0.000   0.000   0.000   0.000     8.0   0.000   0.000   0.000   0.000   0.000    10.0 CENTER PIVOT SPRINKLER   
 501  IRR100HP IRRI    9155   10070     840   11000      75     3.0    3.22   0.012   1.300   0.044   0.000   0.680   0.920   0.825   0.000   0.000   0.000   0.000   0.000   0.000   0.000   0.000     8.0   0.000   0.000   0.000   0.000   0.000    10.0 IRRIGATION 100HP MOTOR   
 502  FLOODIRR IRRI   32310   35541     100   20000      41     2.4    3.22   0.190   1.300   0.044   0.000   0.680   0.900   0.750   0.000   0.000   0.000   0.000   0.000   0.000   0.000   0.000     8.0   0.000   0.000   0.000   0.000   0.000    10.0 FURROW IRRIGATION        
 530  ALDRPIRR IRRI   13463   14809     200    2000       0     0.9    1.61   0.190   1.300   1.100   0.000   0.600   1.097   0.950   0.000   0.000   0.000   0.000   0.000   0.000   0.000   0.000     8.0   0.000   0.000   0.000   0.000   0.000    10.0 AL DRIP IRRIGATION       
 531  WY WWELL IRRI   12170   13387     969   14535       0     0.9    4.83   0.190   1.300   0.015   0.000   0.600   1.070   0.550   0.000   0.000   0.000   0.000   0.000   0.000   0.000   0.000     8.0   0.000   0.000   0.000   0.000   0.000    10.0 WY GRND WATER WELL       
 533  WYCDITCH IRRI   34464   37910    3975   79500       0     0.9    4.83   0.190   1.300   0.070   0.000   0.600   0.600   0.550   0.000   0.000   0.000   0.000   0.000   0.000   0.000   0.000     8.0   0.000   0.000   0.000   0.000   0.000    10.0 WY CONCRETE DITCH        
 534  WYGTPIPE IRRI   67851   74636     844   16880       0     0.9    4.83   0.190   1.300   0.110   0.000   0.500   1.000   0.800   0.000   0.000   0.000   0.000   0.000   0.000   0.000   0.000     8.0   0.000   0.000   0.000   0.000   0.000    10.0 WY GATED PIPE            
 560  C:HAUL 6 CUST       0       8       0       0       0     0.0    0.00   0.000   0.000   0.000   0.000   0.000   0.000   0.000   0.000   0.000   0.000   0.000   0.000   0.000   0.000   0.000    12.0   0.000   0.000   0.000   0.000   0.000    10.0 HAULING               639
 561  AER APPF NON       17      19     840   15000       7     3.0    3.22   0.630   1.300   0.000   0.420   0.680   0.920   0.825   0.000   0.000   0.000   0.000   0.000   0.000   0.000   0.000     9.0   0.000   0.000   0.000   0.000   0.000    10.0 AERIAL APP-FERT          
 562  C:PEST 5 CUST       7       0       0       0       0     0.0    0.00   0.000   0.000   0.000   0.000   0.000   0.000   0.000   0.000   0.000   0.000   0.000   0.000   0.000   0.000   0.000     7.0   0.950   0.000   0.000   0.000   0.000    10.0 AERIAL APP-INSECT     562
 563  C:THIN 3 CUST      62       0       0       0       0     0.0    0.00   0.000   0.000   0.000   0.000   0.000   0.000   0.000   0.000   0.000   0.000   0.000   0.000   0.000   0.000   0.000     0.0   0.000   5.000   0.000   0.020   0.000    10.0 THIN                  563
 565  WEED     NON       40      44      45    2000      63     4.3    8.37   0.170   2.200   0.100   0.420   0.600   0.885   0.700   0.000   0.000   0.000   0.000   0.000   0.000   0.000   0.000     0.0   0.000   0.000   0.000   0.010   0.000    10.0 WEED                     
 566  DEFOL    SELF       7       8     660   12000     119    30.0   12.00   0.410   1.300   0.100   0.420   0.680   0.920   0.900   0.000   0.000   0.000   0.000   0.000   0.000   0.000   0.000     7.0   0.000   0.000   0.000   0.000   0.000    10.0 DEFOLIATE                
 568  C:HARV 6 CUST       0      14       0       0       0     0.0    0.00   0.000   0.000   0.000   0.000   0.000   0.000   0.000   0.000   0.000   0.000   0.000   0.000   0.000   0.000   0.000     2.0   0.950   0.000   0.000   0.000   0.000    10.0 COMBINE               624
 569  C:HARV 6 CUST      41       0       0       0       0     0.0    0.00   0.000   0.000   0.000   0.000   0.000   0.000   0.000   0.000   0.000   0.000   0.000   0.000   0.000   0.000   0.000     2.0   0.950   0.000   0.000   0.000   0.000    10.0 COMBINE               624
 580  C:FERT 5 CUST       5       0       0       0       0     0.0    0.00   0.000   0.000   0.000   0.000   0.000   0.000   0.000   0.000   0.000   0.000   0.000   0.000   0.000   0.000   0.000     9.0   0.000   0.000   0.000   0.000   0.000    10.0 FERTILIZER APP        580
 604  C:LABOR6 CUST       9       0       0       0       0     0.0    0.00   0.000   0.000   0.000   0.000   0.000   0.000   0.000   0.000   0.000   0.000   0.000   0.000   0.000   0.000   0.000     0.0   0.000   0.000   0.000   0.000   0.000    10.0 LABOR                 604
 606  C:DRYIN6 CUST       0       1       0       0       0     0.0    0.00   0.000   0.000   0.000   0.000   0.000   0.000   0.000   0.000   0.000   0.000   0.000   0.000   0.000   0.000   0.000    13.0   0.000   0.000   0.000   0.000   0.000    10.0 DRYING                606
 607  C:STACK6 CUST       0      44       0       0       0     0.0    0.00   0.000   0.000   0.000   0.000   0.000   0.000   0.000   0.000   0.000   0.000   0.000   0.000   0.000   0.000   0.000     0.0   0.000   0.000   0.000   0.000   0.000    10.0 STACKING              607
 608  C:CULT 6 CUST      15       0       0       0       0     0.0    0.00   0.000   0.000   0.000   0.000   0.000   0.000   0.000   0.000   0.250  15.000   0.000   0.000   0.000   0.000   0.000     0.0   0.000   0.000   0.000   0.000   0.000    10.0 CULTIVATE             608
 612  C:SUBS 6 CUST      32       0       0       0       0     0.0    0.00   0.000   0.000   0.000   0.000   0.000   0.000   0.000   0.000   0.150  15.000   0.000   0.000   0.000   0.000   0.000     0.0   0.000   0.000   0.000   0.000   0.000    10.0 SUBSOIL               612
 613  C:DISC 6 CUST      20       0       0       0       0     0.0    0.00   0.000   0.000   0.000   0.000   0.000   0.000   0.000   0.000   0.700  50.000   0.000   0.000   0.000   0.000   0.000     0.0   0.000   0.000   0.000   0.000   0.000    10.0 DISC                  613
 614  C:BORDR6 CUST      15       0       0       0       0     0.0    0.00   0.000   0.000   0.000   0.000   0.000   0.000   0.000   0.000   0.250  13.000   0.000   0.000   0.000   0.000   0.000     0.0   0.000   0.000   0.000   0.000   0.000    10.0 BUILD BORDER          614
 615  FERTTRUC CUST      51       0       0       0       0     0.0    0.00   0.000   0.000   0.000   0.530   0.000   0.000   0.000   0.000   0.000   0.000   0.000   0.000   0.000   0.000   0.000     9.0   0.000   0.000   0.000   0.000   0.000    10.0 FERTTRUCK             615
 620  C:BKBOR6 CUST      44       0       0       0       0     0.0    0.00   0.000   0.000   0.000   0.000   0.000   0.000   0.000   0.000   0.250  13.000   0.000   0.000   0.000   0.000   0.000     0.0   0.000   0.000   0.000   0.000   0.000    10.0 BREAK BORDERS         620
 623  C:HARV 6 CUST      25       0       0       0       0     0.0    0.00   0.000   0.000   0.000   0.000   0.000   0.000   0.000   0.000   0.000   0.000 -50.000   0.000   0.000   0.000   0.000     2.0   0.950   0.800   0.000   0.000   0.000    10.0 HARVEST               623
 626  C:HARV 6 CUST       0      51       0       0       0     0.0    0.00   0.000   0.000   0.000   0.000   0.000   0.000   0.000   0.000   0.000   0.000 -50.000   0.000   0.000   0.000   0.000     2.0   0.950   0.000   0.000   0.000   0.000    10.0 HARVEST               626
 629  C:Gin 62 CUST       0      44       0       0       0     0.0    0.00   0.000   0.000   0.000   0.000   0.000   0.000   0.000   0.000   0.000   0.000 -50.000   0.000   0.000   0.000   0.000    11.0   0.950   0.000   0.000   0.000   0.000    10.0 Ginning               629
 632  C:BAG 63 CUST       0      76       0       0       0     0.0    0.00   0.000   0.000   0.000   0.000   0.000   0.000   0.000   0.000   0.000   0.000 -50.000   0.000   0.000   0.000   0.000    10.0   0.950   0.000   0.000   0.000   0.000    10.0 Bagging & Ties        632
 633  C:HAUL 6 CUST       0       3       0       0       0     0.0    0.00   0.000   0.000   0.000   0.000   0.000   0.000   0.000   0.000   0.000   0.000   0.000   0.000   0.000   0.000   0.000    12.0   0.000   0.000   0.000   0.000   0.000    10.0 HAULING               633
 649  C:SCOUT6 CUST       7       0       0       0       0     0.0    0.00   0.000   0.000   0.000   0.000   0.000   0.000   0.000   0.000   0.000   0.000   0.000   0.000   0.000   0.000   0.000     0.0   0.000   0.000   0.000   0.000   0.000    10.0 SCOUTING              649
 654  C:HARVT6 CUST       0     249       0       0       0     0.0    0.00   0.000   0.000   0.000   0.000   0.000   0.000   0.000   0.000   0.000   0.000-100.000   0.000   0.000   0.000   0.000     2.0   0.500   0.950   0.000   0.000   0.000    10.0 TOBACCO HARVEST       654
 658  PLANT20  NON    27122   29834     100    1200       0     6.1    8.85   0.320   2.100   0.100   0.000   0.600   0.885   0.600   0.000   0.100  10.160  40.640  76.200   0.509   0.000   0.000     5.0   0.000   0.000   0.000   0.000   0.000    10.0 Planter                  
 659  PLANT13  NON    27122   29834     100    1200       0     6.1    8.85   0.320   2.100   0.100   0.000   0.600   0.885   0.600   0.000   0.100  10.160  40.640  76.200   0.329   0.000   0.000     5.0   0.000   0.000   0.000   0.000   0.000    10.0 Planter                  
 660  PLANT27  NON    27122   29834     100    1200       0     6.1    8.85   0.320   2.100   0.100   0.000   0.600   0.885   0.600   0.000   0.100  10.160  40.640  76.200   0.686   0.000   0.000     5.0   0.000   0.000   0.000   0.000   0.000    10.0 Planter                  
 661  PLANT40  NON    27122   29834     100    1200       0     6.1    8.85   0.320   2.100   0.100   0.000   0.600   0.885   0.600   0.000   0.100  10.160  40.640  76.200   1.015   0.000   0.000     5.0   0.000   0.000   0.000   0.000   0.000    10.0 Planter                  
 662  PLANT32  NON    27122   29834     100    1200       0     6.1    8.85   0.320   2.100   0.100   0.000   0.600   0.885   0.600   0.000   0.100  10.160  40.640  76.200   0.814   0.000   0.000     5.0   0.000   0.000   0.000   0.000   0.000    10.0 Planter                  
 665  PLANTFAL NON        0       0     100    1200       0     6.1    8.85   0.000   0.000   0.100   0.000   0.600   0.885   0.600   0.000   0.000  10.160  40.640  76.200   1.015   0.000   0.000     5.0   0.000   0.000   0.000   0.000   0.000    10.0 Planter                  
 667  PLANT38  NON        0       0     100    1200       0     6.1    8.85   0.320   2.100   0.100   0.000   0.600   0.885   0.600   0.000   0.100  10.160  40.640  76.200   0.965   0.000   0.000     5.0   0.000   0.000   0.000   0.000   0.000    10.0 Planter                  
 668  PLANT30  NON        0       0     100    1200       0     6.1    8.85   0.320   2.100   0.100   0.000   0.600   0.885   0.600   0.000   0.100  10.160  40.640  76.200   0.762   0.000   0.000     5.0   0.000   0.000   0.000   0.000   0.000    10.0 Planter                  
